0.000000	1.906000	0.000000	0.000000	52.000000	708.793730	10222.609902	1042.999958	
0.010000	1.906001	0.000000	-0.000000	51.999995	708.793919	10222.558724	1042.999916	
0.020000	1.905980	0.000000	-0.000000	51.999991	708.794121	10222.427721	1042.999874	
0.030000	1.905940	0.000000	-0.000000	51.999986	708.794320	10222.223218	1042.999832	
0.040000	1.905881	0.000000	-0.000000	51.999981	708.794508	10221.951457	1042.999790	
0.050000	1.905806	0.000000	-0.000000	51.999977	708.794703	10221.618569	1042.999748	
0.060000	1.905715	0.000000	-0.000001	51.999972	708.794861	10221.230554	1042.999706	
0.070000	1.905611	0.000000	-0.000001	51.999968	708.795026	10220.793257	1042.999664	
0.080000	1.905495	0.000000	-0.000001	51.999963	708.795226	10220.312355	1042.999622	
0.090000	1.905368	0.000000	-0.000002	51.999959	708.795379	10219.793336	1042.999580	
0.100000	1.905232	0.000000	-0.000002	51.999955	708.795560	10219.241487	1042.999538	
0.110000	1.905088	0.000000	-0.000003	51.999951	708.795752	10218.661882	1042.999496	
0.120000	1.904937	0.000000	-0.000003	51.999947	708.795904	10218.059374	1042.999454	
0.130000	1.904781	0.000000	-0.000004	51.999943	708.796067	10217.438583	1042.999412	
0.140000	1.904620	0.000000	-0.000005	51.999940	708.796216	10216.803892	1042.999370	
0.150000	1.904457	0.000000	-0.000006	51.999936	708.796320	10216.159442	1042.999328	
0.160000	1.904291	0.000000	-0.000008	51.999933	708.796441	10215.509126	1042.999286	
0.170000	1.904124	0.000000	-0.000009	51.999930	708.796520	10214.856592	1042.999244	
0.180000	1.903957	0.000000	-0.000010	51.999927	708.796687	10214.205239	1042.999202	
0.190000	1.903790	0.000000	-0.000012	51.999925	708.796763	10213.558219	1042.999160	
0.200000	1.903625	0.000000	-0.000014	51.999923	708.796832	10212.918437	1042.999118	
0.210000	1.903462	0.000000	-0.000015	51.999920	708.796965	10212.288556	1042.999076	
0.220000	1.903302	0.000000	-0.000017	51.999919	708.797035	10211.671004	1042.999034	
0.230000	1.903145	0.000000	-0.000019	51.999917	708.797100	10211.067971	1042.998992	
0.240000	1.902992	0.000000	-0.000022	51.999916	708.797160	10210.481421	1042.998950	
0.250000	1.902843	0.000000	-0.000024	51.999915	708.797211	10209.913099	1042.998908	
0.260000	1.902699	0.000000	-0.000026	51.999914	708.797232	10209.364532	1042.998866	
0.270000	1.902560	0.000000	-0.000029	51.999914	708.797254	10208.837043	1042.998824	
0.280000	1.902427	0.000000	-0.000031	51.999913	708.797262	10208.331757	1042.998782	
0.290000	1.902300	0.000000	-0.000034	51.999914	708.797247	10207.849606	1042.998740	
0.300000	1.902178	0.000000	-0.000037	51.999914	708.797228	10207.391346	1042.998698	
0.310000	1.902063	0.000000	-0.000039	51.999915	708.797201	10206.957556	1042.998656	
0.320000	1.901954	0.000000	-0.000042	51.999916	708.797177	10206.548656	1042.998614	
0.330000	1.901851	0.000000	-0.000045	51.999918	708.797073	10206.164913	1042.998572	
0.340000	1.901755	0.000000	-0.000048	51.999919	708.797008	10205.806448	1042.998530	
0.350000	1.901665	0.000000	-0.000051	51.999922	708.796898	10205.473249	1042.998488	
0.360000	1.901582	0.000000	-0.000055	51.999924	708.796788	10205.165183	1042.998446	
0.370000	1.901505	0.000000	-0.000058	51.999927	708.796711	10204.881997	1042.998404	
0.380000	1.901434	0.000000	-0.000061	51.999930	708.796565	10204.623338	1042.998362	
0.390000	1.901370	0.000000	-0.000064	51.999934	708.796458	10204.388753	1042.998320	
0.400000	1.901312	0.000000	-0.000068	51.999938	708.796326	10204.177703	1042.998278	
0.410000	1.901259	0.000000	-0.000071	51.999942	708.796126	10203.989572	1042.998236	
0.420000	1.901213	0.000000	-0.000075	51.999946	708.795962	10203.823673	1042.998194	
0.430000	1.901172	0.000000	-0.000078	51.999951	708.795770	10203.679260	1042.998152	
0.440000	1.901136	0.000000	-0.000082	51.999957	708.795533	10203.555531	1042.998110	
0.450000	1.901106	0.000000	-0.000085	51.999962	708.795293	10203.451642	1042.998068	
0.460000	1.901081	0.000000	-0.000089	51.999968	708.795086	10203.366707	1042.998026	
0.470000	1.901060	0.000000	-0.000092	51.999975	708.794817	10203.299814	1042.997984	
0.480000	1.901044	0.000000	-0.000096	51.999982	708.794547	10203.250023	1042.997942	
0.490000	1.901032	0.000000	-0.000099	51.999989	708.794279	10203.216378	1042.997900	
0.500000	1.901024	0.000000	-0.000103	51.999996	708.793954	10203.197911	1042.997858	
0.510000	1.901020	0.000000	-0.000107	52.000004	708.793627	10203.193649	1042.997816	
0.520000	1.901019	0.000000	-0.000110	52.000012	708.793341	10203.202616	1042.997774	
0.530000	1.901022	0.000000	-0.000114	52.000020	708.792987	10203.223841	1042.997732	
0.540000	1.901028	0.000000	-0.000117	52.000029	708.792621	10203.256364	1042.997690	
0.550000	1.901036	0.000000	-0.000121	52.000038	708.792225	10203.299234	1042.997648	
0.560000	1.901047	0.000000	-0.000125	52.000048	708.791872	10203.351519	1042.997606	
0.570000	1.901060	0.000000	-0.000128	52.000058	708.791510	10203.412306	1042.997564	
0.580000	1.901076	0.000000	-0.000132	52.000068	708.791107	10203.480707	1042.997522	
0.590000	1.901093	0.000000	-0.000135	52.000078	708.790725	10203.555856	1042.997480	
0.600000	1.901111	0.000000	-0.000139	52.000089	708.790227	10203.636921	1042.997438	
0.610000	1.901132	0.000000	-0.000142	52.000100	708.789769	10203.723095	1042.997396	
0.620000	1.901153	0.000000	-0.000146	52.000112	708.789277	10203.813606	1042.997353	
0.630000	1.901175	0.000000	-0.000149	52.000123	708.788857	10203.907717	1042.997311	
0.640000	1.901199	0.000000	-0.000153	52.000136	708.788375	10204.004723	1042.997269	
0.650000	1.901222	0.000000	-0.000156	52.000148	708.787919	10204.103958	1042.997227	
0.660000	1.901247	0.000000	-0.000160	52.000161	708.787383	10204.204791	1042.997185	
0.670000	1.901271	0.000000	-0.000163	52.000174	708.786868	10204.306629	1042.997143	
0.680000	1.901296	0.000000	-0.000166	52.000187	708.786303	10204.408916	1042.997101	
0.690000	1.901321	0.000000	-0.000170	52.000201	708.785755	10204.511136	1042.997059	
0.700000	1.901346	0.000000	-0.000173	52.000215	708.785160	10204.612808	1042.997017	
0.710000	1.901370	0.000000	-0.000177	52.000229	708.784594	10204.713489	1042.996975	
0.720000	1.901395	0.000000	-0.000180	52.000244	708.784059	10204.812773	1042.996933	
0.730000	1.901418	0.000000	-0.000183	52.000259	708.783431	10204.910291	1042.996891	
0.740000	1.901442	0.000000	-0.000186	52.000274	708.782797	10205.005709	1042.996849	
0.750000	1.901464	0.000000	-0.000190	52.000290	708.782189	10205.098727	1042.996807	
0.760000	1.901486	0.000000	-0.000193	52.000306	708.781566	10205.189079	1042.996765	
0.770000	1.901507	0.000000	-0.000196	52.000322	708.780891	10205.276533	1042.996723	
0.780000	1.901528	0.000000	-0.000199	52.000338	708.780219	10205.360886	1042.996681	
0.790000	1.901547	0.000000	-0.000203	52.000355	708.779549	10205.441966	1042.996639	
0.800000	1.901566	0.000000	-0.000206	52.000372	708.778924	10205.519631	1042.996597	
0.810000	1.901584	0.000000	-0.000209	52.000389	708.778197	10205.593766	1042.996555	
0.820000	1.901601	0.000000	-0.000212	52.000407	708.777503	10205.664281	1042.996513	
0.830000	1.901617	0.000000	-0.000215	52.000425	708.776756	10205.731113	1042.996471	
0.840000	1.901632	0.000000	-0.000218	52.000443	708.776039	10205.794219	1042.996429	
0.850000	1.901645	0.000000	-0.000221	52.000461	708.775356	10205.853582	1042.996387	
0.860000	1.901658	0.000000	-0.000225	52.000480	708.774560	10205.909202	1042.996345	
0.870000	1.901670	0.000000	-0.000228	52.000499	708.773754	10205.961100	1042.996303	
0.880000	1.901681	0.000000	-0.000231	52.000518	708.772967	10206.009312	1042.996261	
0.890000	1.901691	0.000000	-0.000234	52.000538	708.772232	10206.053892	1042.996219	
0.900000	1.901700	0.000000	-0.000237	52.000558	708.771431	10206.094910	1042.996177	
0.910000	1.901708	0.000000	-0.000240	52.000578	708.770629	10206.132445	1042.996135	
0.920000	1.901716	0.000000	-0.000243	52.000599	708.769779	10206.166593	1042.996093	
0.930000	1.901722	0.000000	-0.000246	52.000619	708.768960	10206.197456	1042.996051	
0.940000	1.901727	0.000000	-0.000249	52.000640	708.768075	10206.225148	1042.996009	
0.950000	1.901732	0.000000	-0.000252	52.000662	708.767261	10206.249790	1042.995967	
0.960000	1.901736	0.000000	-0.000255	52.000683	708.766397	10206.271511	1042.995925	
0.970000	1.901739	0.000000	-0.000258	52.000705	708.765462	10206.290446	1042.995883	
0.980000	1.901741	0.000000	-0.000261	52.000727	708.764577	10206.306731	1042.995841	
0.990000	1.901742	0.000000	-0.000264	52.000750	708.763696	10206.320511	1042.995799	
1.000000	1.901743	0.000000	-0.000267	52.000773	2312.759258	10390.193333	1042.995690	
1.010000	1.899250	0.000000	-0.000227	52.015861	2312.014228	10380.561473	1042.995582	
1.020000	1.894274	0.006486	-0.000188	52.030939	2311.269714	10361.701717	1042.995473	
1.030000	1.887004	0.019453	-0.000153	52.046007	2310.525674	10334.315743	1042.995364	
1.040000	1.877610	0.038876	-0.000124	52.061067	2309.781891	10299.042087	1042.995255	
1.050000	1.866250	0.064718	-0.000101	52.076122	2309.038208	11529.158515	1042.995146	
1.060000	1.839713	0.096936	0.000146	52.089078	2308.398226	11385.873163	1042.995037	
1.070000	1.794590	0.135426	0.000366	52.102045	2307.757414	11173.441651	1042.994929	
1.080000	1.732359	0.180043	0.000546	52.115040	2307.115387	10897.501879	1042.994820	
1.090000	1.654473	0.230625	0.000675	52.128079	2306.470950	10563.585956	1042.994711	
1.100000	1.562357	0.286996	0.000740	52.141174	2305.823652	6867.831119	1042.994602	
1.110000	1.492124	0.348937	0.000128	52.159576	2304.914113	6678.039366	1042.994494	
1.120000	1.454359	0.416440	-0.000520	52.177979	2304.004365	6610.092765	1042.994385	
1.130000	1.446867	0.489567	-0.001180	52.196405	2303.093588	6655.639476	1042.994276	
1.140000	1.467454	0.568384	-0.001833	52.214874	2302.180508	6806.339281	1042.994168	
1.150000	1.513941	0.652954	-0.002457	52.233397	2301.264714	7053.905403	1042.994059	
1.160000	1.584172	0.743335	-0.003036	52.251982	2300.345895	7390.142972	1042.993950	
1.170000	1.676024	0.839576	-0.003553	52.270626	2299.423882	7806.989804	1042.993842	
1.180000	1.787418	0.941709	-0.003993	52.289324	2298.499422	8296.535717	1042.993733	
1.190000	1.916323	1.049755	-0.004343	52.308059	2297.572784	8851.068294	1042.993625	
1.200000	2.060764	1.163716	-0.004590	52.326815	2296.645273	9463.081895	1042.993516	
1.210000	2.218830	1.283577	-0.004725	52.345563	2295.718051	10125.297904	1042.993408	
1.220000	2.388678	1.409306	-0.004738	52.364278	2294.792323	10830.598640	1042.993299	
1.230000	2.568539	1.540851	-0.004622	52.382954	2293.868314	11571.478218	1042.993191	
1.240000	2.756718	1.678137	-0.004369	52.401740	2292.938662	12341.807937	1042.993082	
1.250000	2.951603	1.821074	-0.003974	52.420687	2292.001110	13135.469314	1042.992974	
1.260000	3.151664	1.969552	-0.003434	52.439827	2291.053641	13946.585136	1042.992865	
1.270000	3.355457	2.123449	-0.002744	52.459184	2290.095273	14769.693422	1042.992757	
1.280000	3.561623	2.282622	-0.001903	52.478772	2289.125280	15601.033161	1042.992648	
1.290000	3.768893	2.446927	-0.000911	52.498380	2288.153998	16435.592860	1042.992540	
1.300000	3.976086	2.616205	0.000235	52.517848	2287.189579	17268.259857	1042.992432	
1.310000	4.182108	2.790279	0.001532	52.537118	2286.234588	18094.768853	1042.992323	
1.320000	4.385951	2.968961	0.002980	52.556147	2285.291270	18911.252726	1042.992215	
1.330000	4.586696	3.152053	0.004576	52.574900	2284.361156	19711.561518	1042.992107	
1.340000	4.783504	3.339326	0.006318	52.593656	2283.430906	20492.785231	1042.991998	
1.350000	4.975622	3.530545	0.008203	52.612641	2282.488800	21253.707798	1042.991890	
1.360000	5.162376	3.725478	0.010227	52.631886	2281.533493	21991.991672	1042.991782	
1.370000	5.343172	3.923890	0.012385	52.651406	2280.564110	22705.508921	1042.991674	
1.380000	5.517491	4.125537	0.014673	52.671207	2279.580397	23395.154462	1042.991565	
1.390000	5.684889	4.330197	0.017087	52.691029	2278.595441	24060.961227	1042.991457	
1.400000	5.844990	4.537659	0.019620	52.710457	2277.629423	24700.264642	1042.991349	
1.410000	5.997492	4.747704	0.022268	52.729205	2276.696700	25309.279726	1042.991241	
1.420000	6.142151	4.960094	0.025023	52.747235	2275.799332	25887.129507	1042.991133	
1.430000	6.278785	5.174586	0.027881	52.764522	2274.938220	26432.889102	1042.991024	
1.440000	6.407271	5.390940	0.030836	52.781044	2274.114742	26945.809506	1042.990916	
1.450000	6.527539	5.608913	0.033880	52.796803	2273.328751	27423.175043	1042.990808	
1.460000	6.639566	5.828241	0.037009	52.812023	2272.569015	27864.759036	1042.990700	
1.470000	6.743377	6.048658	0.040215	52.826929	2271.824568	28268.977218	1042.990592	
1.480000	6.839038	6.269879	0.043494	52.841905	2271.075910	28641.233927	1042.990484	
1.490000	6.926652	6.491668	0.046839	52.856936	2270.324285	28981.869752	1042.990376	
1.500000	7.006358	6.713789	0.050245	52.872015	2269.569717	29292.159920	1042.990268	
1.510000	7.078327	6.936019	0.053706	52.887098	2268.814467	29572.259057	1042.990160	
1.520000	7.142763	7.158136	0.057216	52.902158	2268.060056	29823.636164	1042.990052	
1.530000	7.199891	7.379924	0.060769	52.917150	2267.308314	30047.164776	1042.989944	
1.540000	7.249959	7.601176	0.064361	52.932030	2266.561734	30243.331513	1042.989836	
1.550000	7.293240	7.821688	0.067987	52.946766	2265.821850	30413.706587	1042.989728	
1.560000	7.330017	8.041262	0.071641	52.961313	2265.090688	30559.365351	1042.989620	
1.570000	7.360592	8.259708	0.075319	52.975630	2264.370708	30681.430679	1042.989512	
1.580000	7.385275	8.476841	0.079017	52.989675	2263.663602	30781.065030	1042.989404	
1.590000	7.404386	8.692484	0.082731	53.003409	2262.971447	30859.468054	1042.989296	
1.600000	7.418253	8.906464	0.086455	53.016793	2262.296346	30917.861676	1042.989188	
1.610000	7.427209	9.118616	0.090188	53.029785	2261.640108	30957.453172	1042.989080	
1.620000	7.431585	9.328778	0.093925	53.042358	2261.004257	30979.484176	1042.988973	
1.630000	7.431716	9.536797	0.097663	53.054482	2260.390218	30985.197106	1042.988865	
1.640000	7.427934	9.742523	0.101399	53.066132	2259.799266	30975.828682	1042.988757	
1.650000	7.420566	9.945813	0.105130	53.077286	2259.232534	30952.603882	1042.988649	
1.660000	7.409936	10.146530	0.108854	53.087922	2258.690984	30916.730338	1042.988541	
1.670000	7.396362	10.344541	0.112568	53.098023	2258.175746	30869.398319	1042.988433	
1.680000	7.380151	10.539720	0.116271	53.107569	2257.687617	30811.776764	1042.988326	
1.690000	7.361607	10.731948	0.119961	53.116540	2257.227489	30744.972599	1042.988218	
1.700000	7.341018	10.921110	0.123636	53.124923	2256.796374	30670.075762	1042.988110	
1.710000	7.318666	11.107094	0.127294	53.132706	2256.394401	30588.137566	1042.988002	
1.720000	7.294818	11.289796	0.130934	53.139882	2256.022494	30500.167675	1042.987895	
1.730000	7.269730	11.469115	0.134556	53.146443	2255.680518	30407.131494	1042.987787	
1.740000	7.243646	11.644956	0.138158	53.152386	2255.369066	30309.947958	1042.987679	
1.750000	7.216795	11.817228	0.141740	53.157706	2255.088078	30209.487714	1042.987571	
1.760000	7.189394	11.985844	0.145301	53.162404	2254.837600	30106.472532	1042.987463	
1.770000	7.161647	12.150724	0.148841	53.166482	2254.617665	30001.617758	1042.987356	
1.780000	7.133743	12.311789	0.152359	53.169947	2254.427726	29895.809766	1042.987248	
1.790000	7.105857	12.468966	0.155856	53.172801	2254.267842	29789.716480	1042.987140	
1.800000	7.078151	12.622188	0.159331	53.175050	2254.137628	29683.953572	1042.987033	
1.810000	7.050772	12.771390	0.162785	53.176699	2254.036779	29579.084711	1042.986925	
1.820000	7.023853	12.916513	0.166218	53.177756	2253.965140	29475.622093	1042.986817	
1.830000	6.997515	13.057502	0.169630	53.178229	2253.922078	29374.004842	1042.986709	
1.840000	6.971865	13.194306	0.173021	53.178125	2253.907434	29274.460344	1042.986602	
1.850000	6.946999	13.326876	0.176393	53.177461	2253.920153	29177.579784	1042.986494	
1.860000	6.923000	13.455170	0.179744	53.176245	2253.960021	29083.679505	1042.986386	
1.870000	6.899937	13.579148	0.183077	53.174487	2254.026508	28993.030376	1042.986278	
1.880000	6.877871	13.698776	0.186392	53.172199	2254.118994	28905.859588	1042.986171	
1.890000	6.856849	13.814023	0.189689	53.169390	2254.236884	28822.352588	1042.986063	
1.900000	6.836910	13.924862	0.192968	53.166073	2254.379644	28742.655127	1042.985955	
1.910000	6.818082	14.031270	0.196232	53.162258	2254.547024	28666.875398	1042.985848	
1.920000	6.800384	14.133228	0.199480	53.157957	2254.738052	28595.086253	1042.985740	
1.930000	6.783826	14.230721	0.202713	53.153180	2254.952472	28527.120628	1042.985632	
1.940000	6.768413	14.323733	0.205931	53.147950	2255.189024	28463.218430	1042.985524	
1.950000	6.754140	14.412259	0.209137	53.142276	2255.447219	28403.363851	1042.985417	
1.960000	6.740994	14.496292	0.212329	53.136170	2255.726606	28347.509692	1042.985309	
1.970000	6.728959	14.575834	0.215510	53.129641	2256.026620	28295.584953	1042.985201	
1.980000	6.718012	14.650888	0.218679	53.122701	2256.346609	28247.497136	1042.985093	
1.990000	6.708122	14.721460	0.221838	53.115359	2256.686411	28203.134517	1042.984986	
2.000000	6.699259	14.787560	0.224986	53.107626	2257.045052	28162.368366	1042.984878	
2.010000	6.691385	14.849203	0.228125	53.099511	2257.422417	28125.055108	1042.984770	
2.020000	6.684460	14.906405	0.231255	53.091024	2257.817916	28091.038413	1042.984662	
2.030000	6.678442	14.959187	0.234377	53.082174	2258.230968	28060.151208	1042.984554	
2.040000	6.673284	15.007574	0.237491	53.072971	2258.661297	28032.217608	1042.984447	
2.050000	6.668941	15.051592	0.240598	53.063422	2259.108430	28007.054752	1042.984339	
2.060000	6.665362	15.091271	0.243697	53.053537	2259.571794	27984.474546	1042.984231	
2.070000	6.662500	15.126645	0.246791	53.043323	2260.051161	27964.285305	1042.984123	
2.080000	6.660302	15.157751	0.249878	53.032789	2260.546060	27946.293297	1042.984015	
2.090000	6.658719	15.184627	0.252959	53.021943	2261.055994	27930.304176	1042.983908	
2.100000	6.657700	15.207317	0.256034	53.010790	2261.580987	27916.124311	1042.983800	
2.110000	6.657195	15.225865	0.259104	52.999340	2262.120131	27903.562016	1042.983692	
2.120000	6.657154	15.240320	0.262170	52.987597	2262.673580	27892.428660	1042.983584	
2.130000	6.657530	15.250732	0.265230	52.975569	2263.240691	27882.539686	1042.983476	
2.140000	6.658273	15.257155	0.268285	52.963261	2263.821296	27873.715517	1042.983368	
2.150000	6.659339	15.259643	0.271336	52.950680	2264.414927	27865.782363	1042.983260	
2.160000	6.660683	15.258257	0.274382	52.937831	2265.021564	27858.572928	1042.983152	
2.170000	6.662262	15.253056	0.277423	52.924719	2265.641011	27851.927025	1042.983045	
2.180000	6.664035	15.244103	0.280460	52.911349	2266.272725	27845.692097	1042.982937	
2.190000	6.665964	15.231464	0.283492	52.897727	2266.916517	27839.723638	1042.982829	
2.200000	6.668011	15.215205	0.286519	52.883855	2267.572343	27833.885550	1042.982721	
2.210000	6.670143	15.195396	0.289542	52.869739	2268.239846	27828.050398	1042.982613	
2.220000	6.672327	15.172108	0.292559	52.855383	2268.918784	27822.099606	1042.982505	
2.230000	6.674533	15.145415	0.295572	52.840789	2269.609147	27815.923568	1042.982397	
2.240000	6.676733	15.115390	0.298579	52.825963	2270.310685	27809.421700	1042.982289	
2.250000	6.678901	15.082111	0.301581	52.810907	2271.023158	27802.502427	1042.982181	
2.260000	6.681015	15.045655	0.304577	52.795624	2271.746466	27795.083115	1042.982073	
2.270000	6.683054	15.006103	0.307568	52.780117	2272.480456	27787.089941	1042.981965	
2.280000	6.684998	14.963534	0.310552	52.764389	2273.224914	27778.457732	1042.981857	
2.290000	6.686832	14.918031	0.313530	52.748443	2273.979766	27769.129740	1042.981749	
2.300000	6.688542	14.869677	0.316502	52.732281	2274.744957	27759.057397	1042.981641	
2.310000	6.690114	14.818557	0.319467	52.715905	2275.520244	27748.200024	1042.981533	
2.320000	6.691538	14.764757	0.322424	52.699317	2276.305716	27736.524513	1042.981425	
2.330000	6.692807	14.708362	0.325375	52.682521	2277.100893	27724.004984	1042.981316	
2.340000	6.693914	14.649461	0.328317	52.665516	2277.906168	27710.622420	1042.981208	
2.350000	6.694853	14.588140	0.331252	52.648306	2278.721059	27696.364287	1042.981100	
2.360000	6.695622	14.524490	0.334178	52.630892	2279.545519	27681.224128	1042.980992	
2.370000	6.696219	14.458598	0.337096	52.613275	2280.379726	27665.201165	1042.980884	
2.380000	6.696644	14.390556	0.340005	52.595458	2281.223459	27648.299879	1042.980776	
2.390000	6.696898	14.320453	0.342904	52.577441	2282.076512	27630.529588	1042.980668	
2.400000	6.696983	14.248379	0.345794	52.559227	2282.938928	27611.904029	1042.980559	
2.410000	6.696902	14.174426	0.348674	52.540815	2283.810551	27592.440937	1042.980451	
2.420000	6.696660	14.098685	0.351544	52.522209	2284.691625	27572.161628	1042.980343	
2.430000	6.696262	14.021246	0.354404	52.503408	2285.581595	27551.090591	1042.980235	
2.440000	6.695714	13.942201	0.357253	52.484415	2286.480726	27529.255081	1042.980126	
2.450000	6.695023	13.861641	0.360090	52.465230	2287.388843	27506.684729	1042.980018	
2.460000	6.694196	13.779656	0.362916	52.445854	2288.306046	27483.411164	1042.979910	
2.470000	6.693242	13.696338	0.365731	52.426289	2289.232103	27459.467640	1042.979801	
2.480000	6.692168	13.611776	0.368533	52.406536	2290.167023	27434.888686	1042.979693	
2.490000	6.690982	13.526062	0.371324	52.386595	2291.110687	27409.709767	1042.979585	
2.500000	6.689695	13.439283	0.374101	52.366468	2292.063102	27383.966962	1042.979476	
2.510000	6.688313	13.351530	0.376866	52.346156	2293.024306	27357.696663	1042.979368	
2.520000	6.686848	13.262891	0.379618	52.325659	2293.994056	27330.935284	1042.979260	
2.530000	6.685307	13.173455	0.382356	52.304980	2294.972397	27303.718997	1042.979151	
2.540000	6.683699	13.083307	0.385080	52.284118	2295.959339	27276.083482	1042.979043	
2.550000	6.682033	12.992536	0.387791	52.263075	2296.954630	27248.063699	1042.978934	
2.560000	6.680319	12.901226	0.390487	52.241852	2297.958418	27219.693672	1042.978826	
2.570000	6.678563	12.809463	0.393169	52.220450	2298.970631	27191.006303	1042.978717	
2.580000	6.676774	12.717331	0.395836	52.198870	2299.991101	27162.033198	1042.978609	
2.590000	6.674960	12.624912	0.398488	52.177113	2301.019809	27132.804511	1042.978500	
2.600000	6.673128	12.532289	0.401124	52.155180	2302.056802	27103.348813	1042.978392	
2.610000	6.671284	12.439542	0.403746	52.133072	2303.101966	27073.692969	1042.978283	
2.620000	6.669436	12.346752	0.406351	52.110789	2304.155148	27043.862047	1042.978175	
2.630000	6.667590	12.253996	0.408941	52.088334	2305.216418	27013.879225	1042.978066	
2.640000	6.665750	12.161353	0.411514	52.065707	2306.285663	26983.765735	1042.977957	
2.650000	6.663921	12.068898	0.414071	52.042909	2307.362921	26953.540809	1042.977849	
2.660000	6.662109	11.976707	0.416611	52.019941	2308.448013	26923.221644	1042.977740	
2.670000	6.660317	11.884852	0.419134	51.996804	2309.541010	26892.823384	1042.977631	
2.680000	6.658548	11.793406	0.421641	51.973499	2310.641828	26862.359113	1042.977523	
2.690000	6.656806	11.702440	0.424129	51.950028	2311.750193	26831.839862	1042.977414	
2.700000	6.655092	11.612022	0.426601	51.926391	2312.866372	26801.274625	1042.977305	
2.710000	6.653408	11.522220	0.429054	51.902590	2313.990142	26770.670399	1042.977197	
2.720000	6.651755	11.433101	0.431489	51.878625	2315.121509	26740.032213	1042.977088	
2.730000	6.650135	11.344729	0.433906	51.854497	2316.260327	26709.363187	1042.976979	
2.740000	6.648547	11.257168	0.436305	51.830208	2317.406560	26678.664591	1042.976870	
2.750000	6.646991	11.170477	0.438685	51.805759	2318.560277	26647.935910	1042.976761	
2.760000	6.645467	11.084718	0.441046	51.781151	2319.721388	26617.174922	1042.976652	
2.770000	6.643972	10.999948	0.443388	51.756385	2320.889716	26586.377778	1042.976544	
2.780000	6.642506	10.916224	0.445710	51.731461	2322.065176	26555.539092	1042.976435	
2.790000	6.641067	10.833600	0.448013	51.706382	2323.247916	26524.652030	1042.976326	
2.800000	6.639651	10.752130	0.450296	51.681147	2324.437741	26493.708411	1042.976217	
2.810000	6.638256	10.671863	0.452559	51.655759	2325.634657	26462.698805	1042.976108	
2.820000	6.636880	10.592851	0.454802	51.630219	2326.838564	26431.612634	1042.975999	
2.830000	6.635518	10.515140	0.457024	51.604526	2328.049458	26400.438280	1042.975890	
2.840000	6.634167	10.438776	0.459225	51.578684	2329.267209	26369.163192	1042.975781	
2.850000	6.632823	10.363804	0.461406	51.552692	2330.491910	26337.773989	1042.975672	
2.860000	6.631482	10.290265	0.463565	51.526551	2331.723268	26306.256573	1042.975563	
2.870000	6.630138	10.218199	0.465702	51.500264	2332.961376	26274.596231	1042.975453	
2.880000	6.628789	10.147647	0.467819	51.473830	2334.206152	26242.777745	1042.975344	
2.890000	6.627428	10.078644	0.469913	51.447251	2335.457492	26210.785494	1042.975235	
2.900000	6.626052	10.011225	0.471985	51.420529	2336.715623	26178.603562	1042.975126	
2.910000	6.624655	9.945423	0.474034	51.393664	2337.980092	26146.215831	1042.975017	
2.920000	6.623232	9.881270	0.476061	51.366657	2339.250867	26113.606088	1042.974908	
2.930000	6.621778	9.818795	0.478065	51.339510	2340.528129	26080.758111	1042.974798	
2.940000	6.620288	9.758026	0.480047	51.312223	2341.811873	26047.655768	1042.974689	
2.950000	6.618757	9.698989	0.482004	51.284798	2343.101682	26014.283105	1042.974580	
2.960000	6.617181	9.641707	0.483938	51.257236	2344.397872	25980.624424	1042.974470	
2.970000	6.615554	9.586204	0.485849	51.229538	2345.700197	25946.664369	1042.974361	
2.980000	6.613871	9.532499	0.487735	51.201706	2347.008462	25912.388000	1042.974252	
2.990000	6.612128	9.480611	0.489597	51.173739	2348.322856	25877.780864	1042.974142	
3.000000	6.610319	9.430557	0.491435	51.145640	2349.643374	25842.829061	1042.974033	
3.010000	6.608442	9.382353	0.493247	51.117410	2350.969575	25807.519310	1042.973923	
3.020000	6.606490	9.336011	0.495035	51.089050	2352.301742	25771.838999	1042.973814	
3.030000	6.604461	9.291545	0.496798	51.060560	2353.639843	25735.776245	1042.973704	
3.040000	6.602349	9.248963	0.498535	51.031943	2354.983477	25699.319935	1042.973595	
3.050000	6.600152	9.208275	0.500246	51.003200	2356.332849	25662.459773	1042.973485	
3.060000	6.597866	9.169487	0.501932	50.974331	2357.687962	25625.043821	1042.973376	
3.070000	6.595488	9.132603	0.503591	50.945349	2359.048024	25587.201681	1042.973266	
3.080000	6.593013	9.097625	0.505224	50.916257	2360.413000	25548.936763	1042.973156	
3.090000	6.590440	9.064556	0.506831	50.887058	2361.782637	25510.242403	1042.973047	
3.100000	6.587766	9.033396	0.508411	50.857751	2363.157037	25471.112922	1042.972937	
3.110000	6.584988	9.004144	0.509964	50.828340	2364.535810	25431.543645	1042.972827	
3.120000	6.582104	8.976798	0.511490	50.798826	2365.919448	25391.530905	1042.972718	
3.130000	6.579112	8.951353	0.512988	50.769211	2367.307529	25351.072053	1042.972608	
3.140000	6.576012	8.927804	0.514459	50.739497	2368.699762	25310.165451	1042.972498	
3.150000	6.572800	8.906144	0.515902	50.709685	2370.096295	25268.810470	1042.972388	
3.160000	6.569477	8.886364	0.517317	50.679778	2371.497035	25227.007485	1042.972278	
3.170000	6.566041	8.868456	0.518705	50.649777	2372.901816	25184.757856	1042.972168	
3.180000	6.562492	8.852409	0.520063	50.619684	2374.310543	25142.063921	1042.972058	
3.190000	6.558829	8.838209	0.521394	50.589502	2375.723031	25098.928969	1042.971949	
3.200000	6.555053	8.825844	0.522695	50.559233	2377.139640	25055.357222	1042.971839	
3.210000	6.551164	8.815299	0.523968	50.528877	2378.559604	25011.353812	1042.971729	
3.220000	6.547162	8.806558	0.525212	50.498438	2379.983258	24966.924749	1042.971618	
3.230000	6.543048	8.799604	0.526427	50.467917	2381.410345	24922.076890	1042.971508	
3.240000	6.538823	8.794419	0.527613	50.437317	2382.840885	24876.817914	1042.971398	
3.250000	6.534488	8.790985	0.528769	50.406638	2384.274627	24831.156280	1042.971288	
3.260000	6.530045	8.789280	0.529895	50.375885	2385.711656	24785.101192	1042.971178	
3.270000	6.525494	8.789283	0.530992	50.345058	2387.151734	24738.662567	1042.971068	
3.280000	6.520839	8.790973	0.532059	50.314159	2388.594802	24691.850987	1042.970958	
3.290000	6.516080	8.794326	0.533096	50.283191	2390.040690	24644.677665	1042.970847	
3.300000	6.511221	8.799318	0.534103	50.252156	2391.489289	24597.154400	1042.970737	
3.310000	6.506263	8.805924	0.535080	50.221056	2392.940777	24549.293536	1042.970627	
3.320000	6.501210	8.814119	0.536027	50.189892	2394.394711	24501.107920	1042.970517	
3.330000	6.496063	8.823876	0.536943	50.158668	2395.851047	24452.610858	1042.970406	
3.340000	6.490825	8.835168	0.537829	50.127385	2397.309932	24403.816070	1042.970296	
3.350000	6.485500	8.847966	0.538684	50.096046	2398.770991	24354.737649	1042.970185	
3.360000	6.480091	8.862242	0.539508	50.064652	2400.234188	24305.390015	1042.970075	
3.370000	6.474601	8.877967	0.540302	50.033205	2401.699432	24255.787872	1042.969964	
3.380000	6.469032	8.895110	0.541065	50.001709	2403.166832	24205.946169	1042.969854	
3.390000	6.463389	8.913642	0.541798	49.970164	2404.635917	24155.880052	1042.969743	
3.400000	6.457675	8.933530	0.542499	49.938574	2406.106739	24105.604827	1042.969633	
3.410000	6.451893	8.954744	0.543169	49.906940	2407.579263	24055.135916	1042.969522	
3.420000	6.446047	8.977251	0.543809	49.875264	2409.053440	24004.488818	1042.969412	
3.430000	6.440140	9.001018	0.544417	49.843549	2410.528940	23953.679072	1042.969301	
3.440000	6.434177	9.026013	0.544994	49.811797	2412.005836	23902.722216	1042.969190	
3.450000	6.428160	9.052201	0.545540	49.780010	2413.483883	23851.633753	1042.969079	
3.460000	6.422093	9.079550	0.546055	49.748190	2414.962992	23800.429114	1042.968969	
3.470000	6.415981	9.108026	0.546539	49.716339	2416.443339	23749.123626	1042.968858	
3.480000	6.409826	9.137592	0.546991	49.684460	2417.924432	23697.732479	1042.968747	
3.490000	6.403632	9.168216	0.547413	49.652554	2419.406459	23646.270693	1042.968636	
3.500000	6.397403	9.199862	0.547803	49.620625	2420.889211	23594.705535	1042.968525	
3.510000	6.391142	9.232495	0.548161	49.588678	2422.372252	23543.036478	1042.968414	
3.520000	6.384852	9.266077	0.548489	49.556723	2423.855308	23491.350141	1042.968304	
3.530000	6.378538	9.300573	0.548786	49.524761	2425.338297	23439.660473	1042.968193	
3.540000	6.372202	9.335948	0.549051	49.492794	2426.821041	23387.981126	1042.968082	
3.550000	6.365847	9.372165	0.549285	49.460825	2428.303441	23336.325437	1042.967970	
3.560000	6.359477	9.409190	0.549488	49.428856	2429.785477	23284.706408	1042.967859	
3.570000	6.353095	9.446987	0.549659	49.396890	2431.266817	23233.136688	1042.967748	
3.580000	6.346704	9.485519	0.549800	49.364927	2432.747674	23181.628554	1042.967637	
3.590000	6.340307	9.524751	0.549910	49.332972	2434.227747	23130.193903	1042.967526	
3.600000	6.333907	9.564647	0.549988	49.301025	2435.706959	23078.844231	1042.967415	
3.610000	6.327506	9.605171	0.550035	49.269089	2437.185295	23027.590629	1042.967303	
3.620000	6.321107	9.646289	0.550052	49.237166	2438.662582	22976.443767	1042.967192	
3.630000	6.314713	9.687963	0.550037	49.205258	2440.138598	22925.413891	1042.967081	
3.640000	6.308325	9.730161	0.549991	49.173368	2441.613463	22874.510811	1042.966970	
3.650000	6.301948	9.772845	0.549915	49.141498	2443.086919	22823.743901	1042.966858	
3.660000	6.295582	9.815981	0.549807	49.109649	2444.559009	22773.122092	1042.966747	
3.670000	6.289229	9.859534	0.549669	49.077825	2446.029444	22722.653870	1042.966635	
3.680000	6.282893	9.903470	0.549500	49.046027	2447.498249	22672.347275	1042.966524	
3.690000	6.276573	9.947755	0.549301	49.014257	2448.965320	22622.209902	1042.966412	
3.700000	6.270274	9.992353	0.549070	48.982518	2450.430579	22572.248902	1042.966301	
3.710000	6.263995	10.037233	0.548809	48.950813	2451.893660	22522.470986	1042.966189	
3.720000	6.257738	10.082360	0.548518	48.919142	2453.354931	22472.882425	1042.966078	
3.730000	6.251505	10.127700	0.548195	48.887509	2454.813851	22423.489062	1042.965966	
3.740000	6.245298	10.173222	0.547843	48.855916	2456.270546	22374.296308	1042.965854	
3.750000	6.239116	10.218893	0.547460	48.824365	2457.724955	22325.309161	1042.965743	
3.760000	6.232962	10.264681	0.547046	48.792858	2459.176764	22276.532206	1042.965631	
3.770000	6.226836	10.310553	0.546603	48.761397	2460.626025	22227.969622	1042.965519	
3.780000	6.220738	10.356479	0.546129	48.729985	2462.072547	22179.625201	1042.965407	
3.790000	6.214671	10.402429	0.545625	48.698624	2463.516353	22131.502350	1042.965296	
3.800000	6.208633	10.448370	0.545091	48.667317	2464.957127	22083.604104	1042.965184	
3.810000	6.202626	10.494275	0.544527	48.636066	2466.395110	22035.933142	1042.965072	
3.820000	6.196650	10.540112	0.543933	48.604872	2467.829714	21988.500956	1042.964960	
3.830000	6.190706	10.585853	0.543309	48.573739	2469.261346	21941.307058	1042.964848	
3.840000	6.184792	10.631469	0.542655	48.542668	2470.689495	21894.345668	1042.964736	
3.850000	6.178910	10.676932	0.541971	48.511663	2472.114211	21847.618202	1042.964624	
3.860000	6.173059	10.722215	0.541258	48.480724	2473.535411	21801.125781	1042.964512	
3.870000	6.167239	10.767290	0.540515	48.449856	2474.952839	21754.869247	1042.964400	
3.880000	6.161451	10.812131	0.539742	48.419059	2476.366642	21708.849177	1042.964288	
3.890000	6.155693	10.856712	0.538940	48.388337	2477.776569	21663.065897	1042.964175	
3.900000	6.149966	10.901007	0.538109	48.357692	2479.182523	21617.519496	1042.964063	
3.910000	6.144268	10.944992	0.537248	48.327127	2480.584391	21572.209843	1042.963951	
3.920000	6.138600	10.988641	0.536358	48.296643	2481.982034	21527.136599	1042.963839	
3.930000	6.132961	11.031931	0.535438	48.266244	2483.375406	21482.299236	1042.963726	
3.940000	6.127351	11.074839	0.534490	48.235931	2484.764134	21437.697047	1042.963614	
3.950000	6.121768	11.117342	0.533512	48.205707	2486.148733	21393.329164	1042.963502	
3.960000	6.116213	11.159418	0.532506	48.175576	2487.528336	21349.194573	1042.963389	
3.970000	6.110683	11.201045	0.531470	48.145538	2488.903313	21305.292126	1042.963277	
3.980000	6.105179	11.242203	0.530406	48.115597	2490.273418	21261.620558	1042.963164	
3.990000	6.099700	11.282870	0.529313	48.085756	2491.638483	21218.178496	1042.963052	
4.000000	6.094244	11.323027	0.528191	48.056016	2492.998390	21174.964482	1042.962939	
4.010000	6.088811	11.362656	0.527041	48.026381	2494.353157	21131.976975	1042.962827	
4.020000	6.083400	11.401736	0.525862	47.996852	2495.702487	21089.214375	1042.962714	
4.030000	6.078010	11.440251	0.524654	47.967433	2497.046513	21046.675028	1042.962602	
4.040000	6.072640	11.478182	0.523419	47.938127	2498.384958	21004.357243	1042.962489	
4.050000	6.067288	11.515514	0.522154	47.908934	2499.717610	20962.259302	1042.962376	
4.060000	6.061955	11.552229	0.520862	47.879860	2501.044464	20920.379471	1042.962264	
4.070000	6.056638	11.588312	0.519541	47.850905	2502.365464	20878.716013	1042.962151	
4.080000	6.051338	11.623749	0.518193	47.822072	2503.680353	20837.267200	1042.962038	
4.090000	6.046052	11.658525	0.516816	47.793365	2504.989246	20796.031319	1042.961925	
4.100000	6.040780	11.692625	0.515411	47.764785	2506.291672	20755.006686	1042.961812	
4.110000	6.035521	11.726037	0.513979	47.736336	2507.587855	20714.191651	1042.961700	
4.120000	6.030273	11.758749	0.512519	47.708021	2508.877296	20673.584615	1042.961587	
4.130000	6.025037	11.790748	0.511031	47.679840	2510.160246	20633.184026	1042.961474	
4.140000	6.019810	11.822022	0.509515	47.651799	2511.436516	20592.988401	1042.961361	
4.150000	6.014592	11.852562	0.507972	47.623898	2512.705806	20552.996321	1042.961248	
4.160000	6.009382	11.882356	0.506401	47.596142	2513.968158	20513.206448	1042.961135	
4.170000	6.004179	11.911396	0.504804	47.568532	2515.223315	20473.617522	1042.961022	
4.180000	5.998981	11.939671	0.503178	47.541071	2516.471385	20434.230896	1042.960909	
4.190000	5.993789	11.967174	0.501526	47.513762	2517.711961	20395.053168	1042.960795	
4.200000	5.988602	11.993897	0.499846	47.486608	2518.945141	20356.072615	1042.960682	
4.210000	5.983417	12.019833	0.498140	47.459611	2520.170701	20317.288401	1042.960569	
4.220000	5.978235	12.044973	0.496406	47.432774	2521.388507	20278.699798	1042.960456	
4.230000	5.973055	12.069314	0.494646	47.406100	2522.598537	20240.306187	1042.960343	
4.240000	5.967876	12.092848	0.492859	47.379591	2523.800489	20202.107062	1042.960229	
4.250000	5.962698	12.115570	0.491045	47.353251	2524.994387	20164.102035	1042.960116	
4.260000	5.957519	12.137477	0.489204	47.327081	2526.180186	20126.290834	1042.960003	
4.270000	5.952339	12.158563	0.487337	47.301086	2527.357685	20088.673307	1042.959889	
4.280000	5.947158	12.178826	0.485444	47.275266	2528.526491	20051.249424	1042.959776	
4.290000	5.941975	12.198263	0.483524	47.249626	2529.687115	20014.019275	1042.959663	
4.300000	5.936790	12.216871	0.481578	47.224168	2530.838723	19976.983075	1042.959549	
4.310000	5.931602	12.234647	0.479606	47.198894	2531.981673	19940.141159	1042.959436	
4.320000	5.926411	12.251592	0.477608	47.173808	2533.115695	19903.493986	1042.959322	
4.330000	5.921216	12.267703	0.475583	47.148912	2534.240607	19867.042137	1042.959209	
4.340000	5.916017	12.282980	0.473533	47.124209	2535.356391	19830.786314	1042.959095	
4.350000	5.910814	12.297423	0.471457	47.099701	2536.462795	19794.727337	1042.958981	
4.360000	5.905606	12.311033	0.469356	47.075391	2537.559961	19758.866146	1042.958868	
4.370000	5.900394	12.323810	0.467229	47.051283	2538.647518	19723.203799	1042.958754	
4.380000	5.895177	12.335757	0.465076	47.027378	2539.725401	19687.741467	1042.958640	
4.390000	5.889955	12.346874	0.462898	47.003680	2540.793529	19652.480434	1042.958527	
4.400000	5.884728	12.357164	0.460694	46.980190	2541.851738	19617.422094	1042.958413	
4.410000	5.879496	12.366630	0.458465	46.956913	2542.899938	19582.567948	1042.958299	
4.420000	5.874259	12.375275	0.456212	46.933850	2543.938028	19547.919603	1042.958185	
4.430000	5.869016	12.383102	0.453933	46.911005	2544.965907	19513.478766	1042.958072	
4.440000	5.863769	12.390115	0.451629	46.888379	2545.983417	19479.247243	1042.957958	
4.450000	5.858517	12.396319	0.449300	46.865976	2546.990368	19445.226934	1042.957844	
4.460000	5.853261	12.401719	0.446947	46.843798	2547.986785	19411.419832	1042.957730	
4.470000	5.848000	12.406318	0.444569	46.821848	2548.972496	19377.828018	1042.957616	
4.480000	5.842734	12.410124	0.442166	46.800129	2549.947421	19344.453654	1042.957502	
4.490000	5.837465	12.413141	0.439739	46.778642	2550.911376	19311.298986	1042.957388	
4.500000	5.832192	12.415376	0.437288	46.757392	2551.864126	19278.366334	1042.957274	
4.510000	5.826915	12.416835	0.434812	46.736380	2552.805840	19245.658091	1042.957160	
4.520000	5.821636	12.417526	0.432313	46.715609	2553.736293	19213.176718	1042.957046	
4.530000	5.816353	12.417454	0.429789	46.695082	2554.655251	19180.924741	1042.956932	
4.540000	5.811069	12.416629	0.427241	46.674802	2555.562702	19148.904747	1042.956818	
4.550000	5.805782	12.415056	0.424670	46.654770	2556.458635	19117.119377	1042.956704	
4.560000	5.800494	12.412745	0.422075	46.634989	2557.342661	19085.571326	1042.956590	
4.570000	5.795205	12.409704	0.419456	46.615463	2558.215007	19054.274742	1042.956476	
4.580000	5.789916	12.405941	0.416814	46.596193	2559.075085	19023.221677	1042.956362	
4.590000	5.784626	12.401465	0.414148	46.577182	2559.923430	18992.413757	1042.956247	
4.600000	5.779337	12.396286	0.411459	46.558432	2560.759368	18961.853873	1042.956133	
4.610000	5.774048	12.390412	0.408747	46.539947	2561.583208	18931.544949	1042.956019	
4.620000	5.768762	12.383853	0.406012	46.521728	2562.394434	18901.489932	1042.955905	
4.630000	5.763478	12.376620	0.403253	46.503778	2563.193196	18871.691797	1042.955790	
4.640000	5.758196	12.368721	0.400472	46.486099	2563.979537	18842.153535	1042.955676	
4.650000	5.752918	12.360168	0.397668	46.468695	2564.753012	18812.878156	1042.955562	
4.660000	5.747644	12.350970	0.394842	46.451567	2565.513750	18783.868678	1042.955447	
4.670000	5.742375	12.341139	0.391993	46.434717	2566.261483	18755.128132	1042.955333	
4.680000	5.737111	12.330684	0.389121	46.418149	2566.996044	18726.659551	1042.955219	
4.690000	5.731853	12.319618	0.386228	46.401865	2567.717604	18698.465970	1042.955104	
4.700000	5.726602	12.307951	0.383312	46.385867	2568.425956	18670.550426	1042.954990	
4.710000	5.721358	12.295693	0.380373	46.370157	2569.120868	18642.915947	1042.954875	
4.720000	5.716122	12.282858	0.377413	46.354738	2569.802278	18615.565557	1042.954761	
4.730000	5.710895	12.269456	0.374431	46.339613	2570.470282	18588.502267	1042.954646	
4.740000	5.705678	12.255499	0.371428	46.324782	2571.124414	18561.729078	1042.954532	
4.750000	5.700471	12.240999	0.368402	46.310250	2571.764990	18535.248972	1042.954417	
4.760000	5.695274	12.225967	0.365355	46.296018	2572.391505	18509.064916	1042.954303	
4.770000	5.690089	12.210416	0.362287	46.282088	2573.004181	18483.179854	1042.954188	
4.780000	5.684916	12.194357	0.359197	46.268463	2573.602841	18457.596710	1042.954074	
4.790000	5.679757	12.177803	0.356086	46.255145	2574.187330	18432.318382	1042.953959	
4.800000	5.674610	12.160766	0.352954	46.242137	2574.757396	18407.347740	1042.953845	
4.810000	5.669478	12.143259	0.349801	46.229440	2575.313314	18382.687628	1042.953730	
4.820000	5.664361	12.125293	0.346627	46.217056	2575.854744	18358.340858	1042.953616	
4.830000	5.659260	12.106882	0.343432	46.204989	2576.381410	18334.310213	1042.953501	
4.840000	5.654175	12.088036	0.340217	46.193239	2576.893588	18310.598439	1042.953386	
4.850000	5.649106	12.068770	0.336981	46.181810	2577.391073	18287.208251	1042.953272	
4.860000	5.644056	12.049096	0.333725	46.170704	2577.873641	18264.142329	1042.953157	
4.870000	5.639023	12.029025	0.330448	46.159922	2578.341408	18241.403313	1042.953042	
4.880000	5.634010	12.008571	0.327151	46.149466	2578.794156	18218.993810	1042.952928	
4.890000	5.629016	11.987746	0.323834	46.139340	2579.231645	18196.916385	1042.952813	
4.900000	5.624042	11.966563	0.320497	46.129544	2579.653886	18175.173568	1042.952698	
4.910000	5.619089	11.945035	0.317140	46.120082	2580.060905	18153.767845	1042.952583	
4.920000	5.614157	11.923173	0.313764	46.110955	2580.452595	18132.701667	1042.952469	
4.930000	5.609247	11.900990	0.310368	46.102164	2580.828850	18111.977444	1042.952354	
4.940000	5.604360	11.878499	0.306952	46.093713	2581.189444	18091.597544	1042.952239	
4.950000	5.599496	11.855712	0.303517	46.085603	2581.534348	18071.576367	1042.952124	
4.960000	5.594655	11.832643	0.300062	46.077835	2581.863742	18052.006876	1042.952010	
4.970000	5.589839	11.809305	0.296589	46.070401	2582.177773	18032.779215	1042.951895	
4.980000	5.585047	11.785711	0.293096	46.063304	2582.476352	18013.895753	1042.951780	
4.990000	5.580281	11.761874	0.289584	46.056544	2582.759433	17995.358813	1042.951665	
5.000000	5.575540	11.737805	0.286054	46.050125	2583.026973	17977.170667	1042.951551	
5.010000	5.570826	11.713517	0.282504	46.044048	2583.278722	17959.333541	1042.951436	
5.020000	5.566138	11.689022	0.278936	46.038315	2583.514895	17941.849616	1042.951321	
5.030000	5.561478	11.664332	0.275350	46.032929	2583.735174	17924.721026	1042.951206	
5.040000	5.556846	11.639458	0.271745	46.027891	2583.939527	17907.949860	1042.951091	
5.050000	5.552243	11.614413	0.268121	46.023202	2584.127820	17891.538163	1042.950976	
5.060000	5.547668	11.589207	0.264480	46.018866	2584.300055	17875.487939	1042.950862	
5.070000	5.543122	11.563853	0.260820	46.014884	2584.456107	17859.801147	1042.950747	
5.080000	5.538606	11.538363	0.257143	46.011258	2584.595882	17844.479709	1042.950632	
5.090000	5.534120	11.512747	0.253447	46.007990	2584.719276	17829.525506	1042.950517	
5.100000	5.529664	11.487016	0.249734	46.005081	2584.826256	17814.940381	1042.950402	
5.110000	5.525239	11.461182	0.246003	46.002533	2584.916615	17800.726141	1042.950287	
5.120000	5.520846	11.435257	0.242255	46.000349	2584.990478	17786.884559	1042.950173	
5.130000	5.516484	11.409249	0.238489	45.998530	2585.047762	17773.417374	1042.950058	
5.140000	5.512154	11.383172	0.234707	45.997078	2585.088020	17760.326293	1042.949943	
5.150000	5.507856	11.357035	0.230906	45.995995	2585.111701	17747.612992	1042.949828	
5.160000	5.503592	11.330848	0.227089	45.995282	2585.118199	17735.279121	1042.949713	
5.170000	5.499360	11.304622	0.223255	45.994941	2585.107890	17723.326299	1042.949598	
5.180000	5.495161	11.278367	0.219404	45.994974	2585.080440	17711.756124	1042.949483	
5.190000	5.490996	11.252094	0.215537	45.995383	2585.035786	17700.570166	1042.949369	
5.200000	5.486865	11.225812	0.211653	45.996169	2584.974035	17689.769976	1042.949254	
5.210000	5.482769	11.199531	0.207752	45.997334	2584.894776	17679.357085	1042.949139	
5.220000	5.478707	11.173260	0.203835	45.998880	2584.798254	17669.333001	1042.949024	
5.230000	5.474679	11.147010	0.199902	46.000809	2584.684192	17659.699218	1042.948909	
5.240000	5.470687	11.120789	0.195952	46.003121	2584.552793	17650.457216	1042.948794	
5.250000	5.466730	11.094606	0.191987	46.005819	2584.403556	17641.608457	1042.948680	
5.260000	5.462809	11.068471	0.188005	46.008904	2584.236788	17633.154393	1042.948565	
5.270000	5.458923	11.042392	0.184008	46.012378	2584.052020	17625.096466	1042.948450	
5.280000	5.455074	11.016378	0.179995	46.016242	2583.849533	17617.436106	1042.948335	
5.290000	5.451261	10.990437	0.175967	46.020498	2583.629340	17610.174736	1042.948220	
5.300000	5.447485	10.964578	0.171923	46.025147	2583.390831	17603.313775	1042.948106	
5.310000	5.443746	10.938809	0.167864	46.030192	2583.134554	17596.854634	1042.947991	
5.320000	5.440044	10.913137	0.163789	46.035633	2582.860046	17590.798722	1042.947876	
5.330000	5.436379	10.887571	0.159700	46.041471	2582.567416	17585.147447	1042.947761	
5.340000	5.432752	10.862119	0.155595	46.047709	2582.256440	17579.902213	1042.947647	
5.350000	5.429163	10.836787	0.151476	46.054348	2581.927124	17575.064427	1042.947532	
5.360000	5.425612	10.811582	0.147341	46.061390	2581.579520	17570.635497	1042.947417	
5.370000	5.422099	10.786513	0.143192	46.068834	2581.213409	17566.616833	1042.947302	
5.380000	5.418624	10.761586	0.139029	46.076684	2580.828767	17563.009850	1042.947188	
5.390000	5.415189	10.736807	0.134851	46.084941	2580.425555	17559.815968	1042.947073	
5.400000	5.411792	10.712184	0.130659	46.093605	2580.003631	17557.036611	1042.946958	
5.410000	5.408435	10.687722	0.126452	46.102678	2579.563052	17554.673214	1042.946844	
5.420000	5.405117	10.663427	0.122231	46.112161	2579.103695	17552.727217	1042.946729	
5.430000	5.401839	10.639307	0.117997	46.122057	2578.625537	17551.200070	1042.946614	
5.440000	5.398601	10.615366	0.113748	46.132365	2578.128327	17550.112129	1042.946500	
5.450000	5.395403	10.591610	0.109486	46.143086	2577.612288	17549.468742	1042.946385	
5.460000	5.392245	10.568047	0.105210	46.154217	2577.077445	17549.244619	1042.946270	
5.470000	5.389128	10.544680	0.100920	46.165760	2576.523719	17549.441318	1042.946156	
5.480000	5.386052	10.521515	0.096617	46.177716	2575.951159	17550.060408	1042.946041	
5.490000	5.383018	10.498558	0.092300	46.190087	2575.359494	17551.103465	1042.945927	
5.500000	5.380024	10.475812	0.087970	46.202874	2574.748838	17552.572076	1042.945812	
5.510000	5.377073	10.453283	0.083627	46.216077	2574.119054	17554.467838	1042.945698	
5.520000	5.374163	10.430974	0.079271	46.229699	2573.470024	17556.792359	1042.945583	
5.530000	5.371295	10.408890	0.074902	46.243740	2572.801803	17559.547259	1042.945469	
5.540000	5.368470	10.387035	0.070520	46.258202	2572.114260	17562.734168	1042.945354	
5.550000	5.365687	10.365413	0.066126	46.273085	2571.407506	17566.354731	1042.945240	
5.560000	5.362948	10.344027	0.061718	46.288391	2570.681138	17570.410605	1042.945125	
5.570000	5.360251	10.322881	0.057298	46.304121	2569.935328	17574.903459	1042.945011	
5.580000	5.357598	10.301978	0.052866	46.320276	2569.170028	17579.834978	1042.944897	
5.590000	5.354988	10.281322	0.048422	46.336858	2568.385125	17585.206859	1042.944782	
5.600000	5.352422	10.260914	0.043965	46.353866	2567.580603	17591.020814	1042.944668	
5.610000	5.349901	10.240759	0.039496	46.371303	2566.756357	17597.278569	1042.944554	
5.620000	5.347423	10.220859	0.035015	46.389169	2565.912233	17603.981865	1042.944439	
5.630000	5.344990	10.201215	0.030522	46.407466	2565.048296	17611.132455	1042.944325	
5.640000	5.342602	10.181831	0.026017	46.426193	2564.164652	17618.732111	1042.944211	
5.650000	5.340259	10.162709	0.021501	46.445353	2563.260850	17626.782616	1042.944097	
5.660000	5.337962	10.143850	0.016973	46.464947	2562.337210	17635.285770	1042.943982	
5.670000	5.335710	10.125256	0.012433	46.484974	2561.393637	17644.243386	1042.943868	
5.680000	5.333504	10.106929	0.007882	46.505436	2560.429892	17653.657293	1042.943754	
5.690000	5.331344	10.088871	0.003320	46.526335	2559.445968	17663.529333	1042.943640	
5.700000	5.329230	10.071083	-0.001254	46.547670	2558.441945	17673.861361	1042.943526	
5.710000	5.327163	10.053565	-0.005839	46.569443	2557.417699	17684.655249	1042.943412	
5.720000	5.325143	10.036320	-0.010434	46.591655	2556.373116	17695.912880	1042.943298	
5.730000	5.323170	10.019347	-0.015041	46.614306	2555.308231	17707.636151	1042.943184	
5.740000	5.321244	10.002648	-0.019659	46.637397	2554.222876	17719.826973	1042.943070	
5.750000	5.319366	9.986224	-0.024287	46.660929	2553.117111	17732.487268	1042.942956	
5.760000	5.317536	9.970073	-0.028926	46.684903	2551.990964	17745.618969	1042.942842	
5.770000	5.315753	9.954198	-0.033576	46.709320	2550.844252	17759.224025	1042.942728	
5.780000	5.314020	9.938598	-0.038236	46.734180	2549.676971	17773.304391	1042.942614	
5.790000	5.312334	9.923272	-0.042906	46.759484	2548.488958	17787.862037	1042.942500	
5.800000	5.310698	9.908222	-0.047587	46.785232	2547.280385	17802.898940	1042.942387	
5.810000	5.309110	9.893446	-0.052278	46.811426	2546.051191	17818.417089	1042.942273	
5.820000	5.307572	9.878945	-0.056979	46.838066	2544.801195	17834.418479	1042.942159	
5.830000	5.306084	9.864717	-0.061691	46.865152	2543.530502	17850.905117	1042.942046	
5.840000	5.304645	9.850762	-0.066412	46.892686	2542.238870	17867.879014	1042.941932	
5.850000	5.303256	9.837080	-0.071143	46.920668	2540.926360	17885.342192	1042.941818	
5.860000	5.301917	9.823669	-0.075884	46.949098	2539.592917	17903.296675	1042.941705	
5.870000	5.300629	9.810529	-0.080634	46.977978	2538.238667	17921.744496	1042.941591	
5.880000	5.299392	9.797658	-0.085394	47.007306	2536.863279	17940.687692	1042.941478	
5.890000	5.298205	9.785055	-0.090164	47.037086	2535.466822	17960.128304	1042.941364	
5.900000	5.297069	9.772718	-0.094943	47.067315	2534.049450	17980.068376	1042.941251	
5.910000	5.295985	9.760647	-0.099732	47.097996	2532.610937	18000.509955	1042.941137	
5.920000	5.294952	9.748840	-0.104530	47.129129	2531.151080	18021.455092	1042.941024	
5.930000	5.293971	9.737294	-0.109337	47.160713	2529.670333	18042.905837	1042.940911	
5.940000	5.293042	9.726009	-0.114153	47.192750	2528.168157	18064.864240	1042.940798	
5.950000	5.292164	9.714982	-0.118978	47.225240	2526.644807	18087.332352	1042.940684	
5.960000	5.291339	9.704212	-0.123812	47.258184	2525.100205	18110.312224	1042.940571	
5.970000	5.290566	9.693696	-0.128655	47.291581	2523.534128	18133.805902	1042.940458	
5.980000	5.289846	9.683432	-0.133507	47.325432	2521.946839	18157.815432	1042.940345	
5.990000	5.289178	9.673418	-0.138368	47.359738	2520.338087	18182.342855	1042.940232	
6.000000	5.288563	9.663651	-0.143237	47.394498	2518.707969	18207.390208	1042.940119	
6.010000	5.288001	9.654129	-0.148115	47.429714	2517.056287	18232.959524	1042.940006	
6.020000	5.287493	9.644851	-0.153002	47.465385	2515.383286	18259.052829	1042.939893	
6.030000	5.287037	9.635812	-0.157897	47.501511	2513.688617	18285.672143	1042.939780	
6.040000	5.286635	9.627010	-0.162800	47.538094	2511.972541	18312.819479	1042.939667	
6.050000	5.286286	9.618444	-0.167712	47.575133	2510.234741	18340.496839	1042.939554	
6.060000	5.285990	9.610109	-0.172632	47.612628	2508.475346	18368.706221	1042.939442	
6.070000	5.285749	9.602003	-0.177560	47.650579	2506.694294	18397.449608	1042.939329	
6.080000	5.285560	9.594123	-0.182497	47.688988	2504.891700	18426.728977	1042.939216	
6.090000	5.285426	9.586466	-0.187441	47.727853	2503.067354	18456.546291	1042.939104	
6.100000	5.285345	9.579029	-0.192394	47.767175	2501.221165	18486.903504	1042.938991	
6.110000	5.285318	9.571808	-0.197354	47.806955	2499.353496	18517.802554	1042.938879	
6.120000	5.285345	9.564802	-0.202322	47.847192	2497.463908	18549.245368	1042.938766	
6.130000	5.285426	9.558006	-0.207298	47.887886	2495.552496	18581.233860	1042.938654	
6.140000	5.285561	9.551417	-0.212282	47.929038	2493.619328	18613.769925	1042.938541	
6.150000	5.285750	9.545032	-0.217273	47.970647	2491.664168	18646.855449	1042.938429	
6.160000	5.285992	9.538847	-0.222272	48.012714	2489.687327	18680.492296	1042.938317	
6.170000	5.286289	9.532860	-0.227279	48.055238	2487.688475	18714.682318	1042.938204	
6.180000	5.286639	9.527066	-0.232293	48.098220	2485.667788	18749.427347	1042.938092	
6.190000	5.287043	9.521462	-0.237315	48.141659	2483.625117	18784.729201	1042.937980	
6.200000	5.287501	9.516045	-0.242344	48.185556	2481.560504	18820.589675	1042.937868	
6.210000	5.288012	9.510811	-0.247380	48.229911	2479.473957	18857.010548	1042.937756	
6.220000	5.288578	9.505756	-0.252424	48.274723	2477.365423	18893.993581	1042.937644	
6.230000	5.289196	9.500877	-0.257475	48.319992	2475.234770	18931.540512	1042.937532	
6.240000	5.289868	9.496170	-0.262533	48.365718	2473.082158	18969.653060	1042.937420	
6.250000	5.290594	9.491632	-0.267598	48.411902	2470.907533	19008.332923	1042.937308	
6.260000	5.291373	9.487258	-0.272670	48.458542	2468.710909	19047.581780	1042.937197	
6.270000	5.292204	9.483046	-0.277749	48.505639	2466.492095	19087.401286	1042.937085	
6.280000	5.293089	9.478991	-0.282836	48.553193	2464.251161	19127.793073	1042.936973	
6.290000	5.294027	9.475090	-0.287929	48.601203	2461.988274	19168.758753	1042.936862	
6.300000	5.295017	9.471339	-0.293029	48.649669	2459.702951	19210.299914	1042.936750	
6.310000	5.296060	9.467733	-0.298136	48.698591	2457.395944	19252.418120	1042.936639	
6.320000	5.297155	9.464271	-0.303250	48.747969	2455.066413	19295.114913	1042.936527	
6.330000	5.298302	9.460947	-0.308370	48.797802	2452.714857	19338.391811	1042.936416	
6.340000	5.299500	9.457758	-0.313497	48.848091	2450.341088	19382.250306	1042.936304	
6.350000	5.300751	9.454700	-0.318631	48.898834	2447.945068	19426.691867	1042.936193	
6.360000	5.302053	9.451769	-0.323771	48.950031	2445.527071	19471.717938	1042.936082	
6.370000	5.303406	9.448963	-0.328918	49.001683	2443.086817	19517.329940	1042.935971	
6.380000	5.304810	9.446276	-0.334072	49.053789	2440.624162	19563.529266	1042.935860	
6.390000	5.306265	9.443705	-0.339232	49.106347	2438.139379	19610.317283	1042.935749	
6.400000	5.307770	9.441247	-0.344398	49.159359	2435.632395	19657.695336	1042.935638	
6.410000	5.309325	9.438898	-0.349571	49.212824	2433.103031	19705.664742	1042.935527	
6.420000	5.310930	9.436653	-0.354750	49.266741	2430.551599	19754.226792	1042.935416	
6.430000	5.312584	9.434510	-0.359936	49.321109	2427.977874	19803.382752	1042.935305	
6.440000	5.314288	9.432465	-0.365127	49.375929	2425.381935	19853.133861	1042.935194	
6.450000	5.316040	9.430514	-0.370326	49.431199	2422.763645	19903.481332	1042.935083	
6.460000	5.317841	9.428654	-0.375530	49.486920	2420.123104	19954.426352	1042.934973	
6.470000	5.319690	9.426881	-0.380740	49.543090	2417.460393	20005.970082	1042.934862	
6.480000	5.321587	9.425191	-0.385957	49.599709	2414.775398	20058.113656	1042.934752	
6.490000	5.323531	9.423580	-0.391180	49.656777	2412.067961	20110.858180	1042.934641	
6.500000	5.325523	9.422047	-0.396408	49.714294	2409.338398	20164.204736	1042.934531	
6.510000	5.327561	9.420586	-0.401643	49.772257	2406.586570	20218.154378	1042.934421	
6.520000	5.329645	9.419195	-0.406884	49.830668	2403.812258	20272.708135	1042.934310	
6.530000	5.331776	9.417870	-0.412131	49.889524	2401.015980	20327.867006	1042.934200	
6.540000	5.333951	9.416607	-0.417384	49.948826	2398.197308	20383.631967	1042.934090	
6.550000	5.336172	9.415405	-0.422642	50.008574	2395.356334	20440.003968	1042.933980	
6.560000	5.338438	9.414258	-0.427907	50.068765	2392.493101	20496.983928	1042.933870	
6.570000	5.340748	9.413165	-0.433177	50.129400	2389.607676	20554.572744	1042.933760	
6.580000	5.343101	9.412121	-0.438454	50.190477	2386.699921	20612.771284	1042.933650	
6.590000	5.345498	9.411124	-0.443736	50.251997	2383.769811	20671.580392	1042.933540	
6.600000	5.347938	9.410171	-0.449024	50.313958	2380.817590	20731.000884	1042.933430	
6.610000	5.350420	9.409259	-0.454317	50.376359	2377.843178	20791.033549	1042.933321	
6.620000	5.352944	9.408384	-0.459617	50.439201	2374.846411	20851.679154	1042.933211	
6.630000	5.355510	9.407543	-0.464922	50.502481	2371.827586	20912.938435	1042.933101	
6.640000	5.358116	9.406735	-0.470232	50.566199	2368.786394	20974.812106	1042.932992	
6.650000	5.360764	9.405956	-0.475549	50.630355	2365.723071	21037.300853	1042.932882	
6.660000	5.363451	9.405203	-0.480871	50.694947	2362.637460	21100.405338	1042.932773	
6.670000	5.366178	9.404473	-0.486199	50.759974	2359.529752	21164.126195	1042.932664	
6.680000	5.368943	9.403765	-0.491532	50.825436	2356.399833	21228.464035	1042.932554	
6.690000	5.371747	9.403074	-0.496870	50.891332	2353.247841	21293.419443	1042.932445	
6.700000	5.374590	9.402400	-0.502215	50.957660	2350.073658	21358.992979	1042.932336	
6.710000	5.377470	9.401739	-0.507565	51.024421	2346.877368	21425.185177	1042.932227	
6.720000	5.380386	9.401089	-0.512920	51.091612	2343.658864	21491.996547	1042.932118	
6.730000	5.383339	9.400447	-0.518281	51.159233	2340.418270	21559.427572	1042.932009	
6.740000	5.386329	9.399812	-0.523647	51.227283	2337.155639	21627.478714	1042.931900	
6.750000	5.389353	9.399181	-0.529018	51.295761	2333.870955	21696.150407	1042.931791	
6.760000	5.392412	9.398552	-0.534396	51.364665	2330.564137	21765.443062	1042.931683	
6.770000	5.395506	9.397922	-0.539778	51.433995	2327.235485	21835.357066	1042.931574	
6.780000	5.398634	9.397291	-0.545166	51.503750	2323.884579	21905.892782	1042.931465	
6.790000	5.401794	9.396655	-0.550559	51.573929	2320.511811	21977.080894	1042.931357	
6.800000	5.404988	9.396015	-0.555958	51.644526	2317.117132	22048.912586	1042.931248	
6.810000	5.408214	9.395367	-0.561361	51.715539	2313.701082	22121.362967	1042.931140	
6.820000	5.411471	9.394711	-0.566771	51.786965	2310.263035	22194.432234	1042.931032	
6.830000	5.414760	9.394046	-0.572185	51.858804	2306.803764	22268.120547	1042.930923	
6.840000	5.418079	9.393368	-0.577605	51.931054	2303.322718	22342.428045	1042.930815	
6.850000	5.421428	9.392678	-0.583030	52.003714	2299.820308	22417.354833	1042.930707	
6.860000	5.424807	9.391973	-0.588460	52.076783	2296.296221	22492.900988	1042.930599	
6.870000	5.428215	9.391252	-0.593895	52.150260	2292.750708	22569.066558	1042.930491	
6.880000	5.431651	9.390514	-0.599336	52.224142	2289.183903	22645.851563	1042.930383	
6.890000	5.435115	9.389757	-0.604782	52.298429	2285.595581	22723.255995	1042.930275	
6.900000	5.438606	9.388981	-0.610233	52.373119	2281.985958	22801.279814	1042.930167	
6.910000	5.442125	9.388185	-0.615689	52.448210	2278.355028	22879.922956	1042.930059	
6.920000	5.445669	9.387366	-0.621151	52.523702	2274.702681	22959.185327	1042.929952	
6.930000	5.449239	9.386525	-0.626617	52.599593	2271.029343	23039.066805	1042.929844	
6.940000	5.452834	9.385660	-0.632089	52.675882	2267.334494	23119.567240	1042.929737	
6.950000	5.456454	9.384771	-0.637566	52.752566	2263.618647	23200.686455	1042.929629	
6.960000	5.460097	9.383857	-0.643047	52.829645	2259.881589	23282.424246	1042.929522	
6.970000	5.463764	9.382917	-0.648534	52.907116	2256.123529	23364.780381	1042.929414	
6.980000	5.467454	9.381951	-0.654026	52.984979	2252.344275	23447.754603	1042.929307	
6.990000	5.471167	9.380958	-0.659523	53.063232	2248.544188	23531.346624	1042.929200	
7.000000	5.474901	9.379937	-0.665026	53.141873	2244.723108	23615.556135	1042.929093	
7.010000	5.478656	9.378889	-0.670533	53.220901	2240.881111	23700.382797	1042.928986	
7.020000	5.482432	9.377813	-0.676045	53.300313	2237.018178	23785.826246	1042.928879	
7.030000	5.486228	9.376708	-0.681562	53.380109	2233.134624	23871.886091	1042.928772	
7.040000	5.490043	9.375575	-0.687084	53.460287	2229.230094	23958.561917	1042.928665	
7.050000	5.493878	9.374413	-0.692612	53.540844	2225.304954	24045.853281	1042.928558	
7.060000	5.497731	9.373223	-0.698144	53.621780	2221.359075	24133.759715	1042.928452	
7.070000	5.501602	9.372004	-0.703681	53.703093	2217.392632	24222.280727	1042.928345	
7.080000	5.505490	9.370756	-0.709223	53.784780	2213.405540	24311.415796	1042.928238	
7.090000	5.509395	9.369480	-0.714770	53.866841	2209.398007	24401.164380	1042.928132	
7.100000	5.513316	9.368176	-0.720322	53.949273	2205.369961	24491.525908	1042.928025	
7.110000	5.517253	9.366844	-0.725879	54.032074	2201.321575	24582.499786	1042.927919	
7.120000	5.521206	9.365484	-0.731441	54.115244	2197.252822	24674.085394	1042.927813	
7.130000	5.525173	9.364097	-0.737008	54.198779	2193.163794	24766.282087	1042.927706	
7.140000	5.529154	9.362683	-0.742579	54.282678	2189.054431	24859.089193	1042.927600	
7.150000	5.533149	9.361243	-0.748156	54.366940	2184.924982	24952.506016	1042.927494	
7.160000	5.537157	9.359777	-0.753737	54.451562	2180.775438	25046.531837	1042.927388	
7.170000	5.541178	9.358285	-0.759323	54.536542	2176.605748	25141.165907	1042.927282	
7.180000	5.545211	9.356770	-0.764915	54.621879	2172.416006	25236.407455	1042.927176	
7.190000	5.549256	9.355231	-0.770511	54.707571	2168.206465	25332.255683	1042.927070	
7.200000	5.553311	9.353668	-0.776111	54.793615	2163.977110	25428.709767	1042.926965	
7.210000	5.557378	9.352084	-0.781717	54.880010	2159.727702	25525.768861	1042.926859	
7.220000	5.561454	9.350478	-0.787327	54.966754	2155.458880	25623.432087	1042.926753	
7.230000	5.565540	9.348853	-0.792943	55.053845	2151.170202	25721.698545	1042.926648	
7.240000	5.569635	9.347208	-0.798563	55.141280	2146.861955	25820.567310	1042.926542	
7.250000	5.573739	9.345544	-0.804187	55.229058	2142.534217	25920.037426	1042.926437	
7.260000	5.577852	9.343863	-0.809817	55.317176	2138.186979	26020.107915	1042.926331	
7.270000	5.581972	9.342167	-0.815451	55.405633	2133.820292	26120.777769	1042.926226	
7.280000	5.586099	9.340455	-0.821090	55.494426	2129.434359	26222.045956	1042.926121	
7.290000	5.590233	9.338730	-0.826734	55.583554	2125.029214	26323.911415	1042.926016	
7.300000	5.594373	9.336992	-0.832383	55.673014	2120.604859	26426.373058	1042.925910	
7.310000	5.598520	9.335243	-0.838036	55.762803	2116.161359	26529.429769	1042.925805	
7.320000	5.602671	9.333484	-0.843694	55.852921	2111.698986	26633.174618	1042.925700	
7.330000	5.606828	9.331718	-0.849357	55.943355	2107.218108	26737.557056	1042.925595	
7.340000	5.610990	9.329947	-0.855024	56.034098	2102.719085	26842.519099	1042.925491	
7.350000	5.615155	9.328173	-0.860696	56.125148	2098.201832	26948.059478	1042.925386	
7.360000	5.619325	9.326396	-0.866373	56.216503	2093.666879	27054.176879	1042.925281	
7.370000	5.623498	9.324620	-0.872054	56.308159	2089.113794	27160.869949	1042.925177	
7.380000	5.627673	9.322844	-0.877740	56.400116	2084.543144	27268.137291	1042.925072	
7.390000	5.631852	9.321071	-0.883430	56.492369	2079.954703	27375.977465	1042.924967	
7.400000	5.636033	9.319302	-0.889126	56.584918	2075.348678	27484.388988	1042.924863	
7.410000	5.640216	9.317538	-0.894825	56.677759	2070.725078	27593.370333	1042.924759	
7.420000	5.644400	9.315781	-0.900530	56.770889	2066.084233	27702.919927	1042.924654	
7.430000	5.648585	9.314034	-0.906239	56.864307	2061.425965	27813.036156	1042.924550	
7.440000	5.652771	9.312296	-0.911952	56.958010	2056.750615	27923.717359	1042.924446	
7.450000	5.656958	9.310571	-0.917670	57.051995	2052.058036	28034.961834	1042.924342	
7.460000	5.661144	9.308859	-0.923393	57.146260	2047.348355	28146.767830	1042.924238	
7.470000	5.665331	9.307162	-0.929120	57.240802	2042.621944	28259.133557	1042.924134	
7.480000	5.669516	9.305482	-0.934851	57.335619	2037.878725	28372.057178	1042.924030	
7.490000	5.673700	9.303820	-0.940587	57.430707	2033.118771	28485.536815	1042.923926	
7.500000	5.677883	9.302179	-0.946327	57.526065	2028.342091	28599.570545	1042.923822	
7.510000	5.682065	9.300559	-0.952072	57.621690	2023.549212	28714.156402	1042.923718	
7.520000	5.686244	9.298962	-0.957822	57.717579	2018.739596	28829.292382	1042.923614	
7.530000	5.690420	9.297390	-0.963575	57.813729	2013.913978	28944.976431	1042.923511	
7.540000	5.694594	9.295845	-0.969333	57.910137	2009.072174	29061.206461	1042.923407	
7.550000	5.698764	9.294328	-0.975095	58.006802	2004.214202	29177.980339	1042.923304	
7.560000	5.702931	9.292841	-0.980862	58.103720	1999.340286	29295.295892	1042.923200	
7.570000	5.707094	9.291385	-0.986633	58.200888	1994.450754	29413.150905	1042.923097	
7.580000	5.711252	9.289961	-0.992408	58.298304	1989.545223	29531.543126	1042.922994	
7.590000	5.715407	9.288573	-0.998188	58.395965	1984.624211	29650.470262	1042.922890	
7.600000	5.719556	9.287220	-1.003971	58.493869	1979.687766	29769.929979	1042.922787	
7.610000	5.723700	9.285905	-1.009759	58.592011	1974.735881	29889.919908	1042.922684	
7.620000	5.727839	9.284629	-1.015551	58.690390	1969.768942	30010.437638	1042.922581	
7.630000	5.731971	9.283393	-1.021347	58.789002	1964.786806	30131.480723	1042.922478	
7.640000	5.736098	9.282199	-1.027148	58.887845	1959.789538	30253.046678	1042.922375	
7.650000	5.740218	9.281049	-1.032952	58.986917	1954.777486	30375.132979	1042.922272	
7.660000	5.744332	9.279944	-1.038760	59.086213	1949.750692	30497.737066	1042.922169	
7.670000	5.748438	9.278885	-1.044573	59.185731	1944.709110	30620.856345	1042.922066	
7.680000	5.752537	9.277873	-1.050389	59.285468	1939.653223	30744.488179	1042.921964	
7.690000	5.756629	9.276911	-1.056209	59.385421	1934.582971	30868.629901	1042.921861	
7.700000	5.760713	9.275998	-1.062033	59.485587	1929.498447	30993.278805	1042.921758	
7.710000	5.764788	9.275137	-1.067861	59.585964	1924.399833	31118.432148	1042.921656	
7.720000	5.768856	9.274329	-1.073693	59.686547	1919.287240	31244.087153	1042.921553	
7.730000	5.772914	9.273575	-1.079528	59.787335	1914.160700	31370.241005	1042.921451	
7.740000	5.776964	9.272875	-1.085367	59.888324	1909.020536	31496.890853	1042.921348	
7.750000	5.781004	9.272232	-1.091210	59.989511	1903.866795	31624.033813	1042.921246	
7.760000	5.785035	9.271646	-1.097057	60.090893	1898.699478	31751.666961	1042.921144	
7.770000	5.789057	9.271119	-1.102906	60.192467	1893.519091	31879.787340	1042.921041	
7.780000	5.793068	9.270650	-1.108760	60.294230	1888.325479	32008.391955	1042.920939	
7.790000	5.797070	9.270242	-1.114616	60.396178	1883.118762	32137.477776	1042.920837	
7.800000	5.801061	9.269895	-1.120477	60.498309	1877.899090	32267.046007	1042.920735	
7.810000	5.805041	9.269609	-1.126340	60.600619	1872.666805	32397.100890	1042.920633	
7.820000	5.809011	9.269387	-1.132206	60.703106	1867.421954	32527.626912	1042.920531	
7.830000	5.812969	9.269228	-1.138076	60.805765	1862.164642	32658.620948	1042.920429	
7.840000	5.816916	9.269133	-1.143949	60.908594	1856.894904	32790.079830	1042.920327	
7.850000	5.820852	9.269103	-1.149824	61.011589	1851.613180	32922.000356	1042.920225	
7.860000	5.824776	9.269138	-1.155703	61.114747	1846.319291	33054.379282	1042.920124	
7.870000	5.828689	9.269240	-1.161584	61.218066	1841.013701	33187.213325	1042.920022	
7.880000	5.832589	9.269408	-1.167467	61.321541	1835.696464	33320.499160	1042.919920	
7.890000	5.836477	9.269642	-1.173354	61.425170	1830.367490	33454.233422	1042.919819	
7.900000	5.840353	9.269944	-1.179242	61.528949	1825.027283	33588.412703	1042.919717	
7.910000	5.844216	9.270314	-1.185133	61.632874	1819.675786	33723.033550	1042.919616	
7.920000	5.848066	9.270752	-1.191026	61.736944	1814.313231	33858.092468	1042.919514	
7.930000	5.851904	9.271258	-1.196921	61.841153	1808.939669	33993.585914	1042.919413	
7.940000	5.855729	9.271832	-1.202817	61.945500	1803.555318	34129.510302	1042.919311	
7.950000	5.859541	9.272474	-1.208716	62.049980	1798.160426	34265.861996	1042.919210	
7.960000	5.863339	9.273185	-1.214615	62.154590	1792.755053	34402.637314	1042.919109	
7.970000	5.867124	9.273964	-1.220516	62.259327	1787.339523	34539.832523	1042.919008	
7.980000	5.870895	9.274811	-1.226418	62.364187	1781.913834	34677.443841	1042.918907	
7.990000	5.874653	9.275727	-1.232321	62.469167	1776.478049	34815.467433	1042.918805	
8.000000	5.878397	9.276711	-1.238224	62.574263	1771.032674	34953.899411	1042.918704	
8.010000	5.882127	9.277762	-1.244127	62.679473	1765.577368	35092.735835	1042.918603	
8.020000	5.885843	9.278881	-1.250030	62.784792	1760.112857	35231.972704	1042.918502	
8.030000	5.889544	9.280066	-1.255933	62.890218	1754.638963	35371.605966	1042.918401	
8.040000	5.893231	9.281319	-1.261836	62.995746	1749.155917	35511.631505	1042.918301	
8.050000	5.896904	9.282637	-1.267737	63.101373	1743.664009	35652.045146	1042.918200	
8.060000	5.900562	9.284021	-1.273636	63.207096	1738.163321	35792.842652	1042.918099	
8.070000	5.904205	9.285469	-1.279534	63.312911	1732.653884	35934.019722	1042.917998	
8.080000	5.907834	9.286982	-1.285429	63.418815	1727.136203	36075.571986	1042.917897	
8.090000	5.911447	9.288558	-1.291322	63.524803	1721.610139	36217.495007	1042.917797	
8.100000	5.915045	9.290197	-1.297210	63.630873	1716.076072	36359.784279	1042.917696	
8.110000	5.918628	9.291897	-1.303095	63.737021	1710.534015	36502.435221	1042.917596	
8.120000	5.922196	9.293658	-1.308975	63.843244	1704.984294	36645.443179	1042.917495	
8.130000	5.925748	9.295479	-1.314849	63.949536	1699.427120	36788.803422	1042.917394	
8.140000	5.929284	9.297358	-1.320718	64.055896	1693.862361	36932.511143	1042.917294	
8.150000	5.932804	9.299295	-1.326579	64.162320	1688.290707	37076.561456	1042.917194	
8.160000	5.936309	9.301288	-1.332431	64.268803	1682.711958	37220.949400	1042.917093	
8.170000	5.939797	9.303336	-1.338275	64.375343	1677.126271	37365.669936	1042.916993	
8.180000	5.943269	9.305439	-1.344109	64.481935	1671.534206	37510.717952	1042.916893	
8.190000	5.946724	9.307593	-1.349931	64.588575	1665.935548	37656.088273	1042.916792	
8.200000	5.950163	9.309799	-1.355741	64.695261	1660.330720	37801.775666	1042.916692	
8.210000	5.953585	9.312054	-1.361537	64.801989	1654.719725	37947.774854	1042.916592	
8.220000	5.956991	9.314357	-1.367318	64.908754	1649.102920	38094.080538	1042.916492	
8.230000	5.960379	9.316707	-1.373082	65.015554	1643.480487	38240.687424	1042.916392	
8.240000	5.963750	9.319102	-1.378827	65.122383	1637.852491	38387.590258	1042.916291	
8.250000	5.967104	9.321540	-1.384553	65.229240	1632.219427	38534.783871	1042.916191	
8.260000	5.970441	9.324020	-1.390258	65.336119	1626.580883	38682.263244	1042.916091	
8.270000	5.973761	9.326540	-1.395939	65.443018	1620.937730	38830.023572	1042.915991	
8.280000	5.977063	9.329100	-1.401596	65.549933	1615.289679	38978.060365	1042.915891	
8.290000	5.980349	9.331696	-1.407226	65.656859	1609.637285	39126.369536	1042.915791	
8.300000	5.983617	9.334327	-1.412828	65.763794	1603.980501	39274.947519	1042.915692	
8.310000	5.986869	9.336993	-1.418399	65.870733	1598.319525	39423.791377	1042.915592	
8.320000	5.990105	9.339692	-1.423937	65.977674	1592.654705	39572.898907	1042.915492	
8.330000	5.993325	9.342422	-1.429439	66.084612	1586.986024	39722.268714	1042.915392	
8.340000	5.996531	9.345181	-1.434901	66.191543	1581.313727	39871.900246	1042.915292	
8.350000	5.999723	9.347970	-1.440319	66.298465	1575.638174	40021.793756	1042.915193	
8.360000	6.002901	9.350785	-1.445686	66.405374	1569.959426	40171.964292	1042.915093	
8.370000	6.006067	9.353627	-1.450994	66.512265	1564.277736	40322.399800	1042.914993	
8.380000	6.009223	9.356493	-1.456232	66.619136	1558.593171	40473.100525	1042.914894	
8.390000	6.012368	9.359383	-1.461388	66.725982	1552.906011	40624.067944	1042.914794	
8.400000	6.015504	9.362295	-1.466444	66.832800	1547.216555	40775.302939	1042.914694	
8.410000	6.018632	9.365228	-1.471383	66.939587	1541.524831	40926.805413	1042.914595	
8.420000	6.021752	9.368181	-1.476182	67.046337	1535.831215	41078.573968	1042.914495	
8.430000	6.024865	9.371153	-1.480813	67.153049	1530.135764	41230.605676	1042.914396	
8.440000	6.027970	9.374143	-1.485247	67.259717	1524.438763	41382.895978	1042.914296	
8.450000	6.031068	9.377149	-1.489449	67.366338	1518.740438	41535.438693	1042.914197	
8.460000	6.034158	9.380172	-1.493377	67.472908	1513.040846	41688.226132	1042.914097	
8.470000	6.037240	9.383210	-1.496988	67.579423	1507.340467	41841.249283	1042.913998	
8.480000	6.040313	9.386263	-1.500230	67.685879	1501.639425	41994.498041	1042.913899	
8.490000	6.043376	9.389330	-1.503052	67.792272	1495.937764	42147.961454	1042.913799	
8.500000	6.046428	9.392411	-1.505397	67.898599	1490.235802	42301.627950	1042.913700	
8.510000	6.049469	9.395505	-1.507213	68.004855	1484.533909	42455.485566	1042.913601	
8.520000	6.052496	9.398611	-1.508455	68.111037	1478.832077	42609.522128	1042.913501	
8.530000	6.055511	9.401730	-1.509086	68.217140	1473.130692	42763.725409	1042.913402	
8.540000	6.058510	9.404860	-1.509088	68.323160	1467.429932	42918.083254	1042.913303	
8.550000	6.061494	9.408002	-1.508461	68.429095	1461.729914	43072.583682	1042.913204	
8.560000	6.064462	9.411155	-1.507223	68.534939	1456.030835	43227.214954	1042.913104	
8.570000	6.067413	9.414319	-1.505409	68.640689	1450.333135	43381.965631	1042.913005	
8.580000	6.070345	9.417493	-1.503063	68.746342	1444.636754	43536.824609	1042.912906	
8.590000	6.073260	9.420676	-1.500240	68.851893	1438.942179	43691.781145	1042.912807	
8.600000	6.076155	9.423868	-1.496992	68.957338	1433.249589	43846.824868	1042.912708	
8.610000	6.079030	9.427069	-1.493372	69.062674	1427.558909	44001.945783	1042.912608	
8.620000	6.081886	9.430278	-1.489430	69.167896	1421.870761	44157.134269	1042.912509	
8.630000	6.084721	9.433494	-1.485210	69.273001	1416.185134	44312.381074	1042.912410	
8.640000	6.087535	9.436717	-1.480749	69.377986	1410.502246	44467.677297	1042.912311	
8.650000	6.090328	9.439947	-1.476082	69.482845	1404.822340	44623.014381	1042.912212	
8.660000	6.093100	9.443181	-1.471237	69.587576	1399.145793	44778.384087	1042.912113	
8.670000	6.095851	9.446421	-1.466237	69.692174	1393.472605	44933.778483	1042.912014	
8.680000	6.098580	9.449665	-1.461104	69.796635	1387.803119	45089.189917	1042.911915	
8.690000	6.101287	9.452913	-1.455855	69.900957	1382.137399	45244.610996	1042.911816	
8.700000	6.103973	9.456163	-1.450505	70.005134	1376.475960	45400.034564	1042.911717	
8.710000	6.106637	9.459416	-1.445065	70.109163	1370.818715	45555.453683	1042.911618	
8.720000	6.109280	9.462670	-1.439548	70.213041	1365.166193	45710.861601	1042.911519	
8.730000	6.111902	9.465925	-1.433961	70.316763	1359.518382	45866.251739	1042.911420	
8.740000	6.114502	9.469180	-1.428313	70.420325	1353.875579	46021.617660	1042.911321	
8.750000	6.117081	9.472435	-1.422610	70.523724	1348.238103	46176.953050	1042.911222	
8.760000	6.119639	9.475689	-1.416858	70.626956	1342.606020	46332.251699	1042.911123	
8.770000	6.122176	9.478941	-1.411062	70.730016	1336.979582	46487.507474	1042.911024	
8.780000	6.124692	9.482190	-1.405227	70.832902	1331.359194	46642.714304	1042.910925	
8.790000	6.127188	9.485437	-1.399355	70.935609	1325.744874	46797.866159	1042.910826	
8.800000	6.129664	9.488680	-1.393451	71.038134	1320.136943	46952.957030	1042.910727	
8.810000	6.132120	9.491918	-1.387518	71.140472	1314.535534	47107.980916	1042.910628	
8.820000	6.134555	9.495152	-1.381557	71.242621	1308.941087	47262.931804	1042.910529	
8.830000	6.136971	9.498380	-1.375571	71.344575	1303.353810	47417.803657	1042.910430	
8.840000	6.139368	9.501602	-1.369563	71.446331	1297.773699	47572.590402	1042.910331	
8.850000	6.141745	9.504817	-1.363534	71.547886	1292.201057	47727.285911	1042.910232	
8.860000	6.144103	9.508026	-1.357485	71.649235	1286.636067	47881.883997	1042.910133	
8.870000	6.146443	9.511226	-1.351419	71.750376	1281.079274	48036.378402	1042.910034	
8.880000	6.148763	9.514419	-1.345335	71.851303	1275.530571	48190.762790	1042.909936	
8.890000	6.151065	9.517603	-1.339237	71.952013	1269.990339	48345.030737	1042.909837	
8.900000	6.153349	9.520779	-1.333124	72.052503	1264.458898	48499.175728	1042.909738	
8.910000	6.155615	9.523945	-1.326998	72.152768	1258.936079	48653.191149	1042.909639	
8.920000	6.157862	9.527101	-1.320859	72.252806	1253.422604	48807.070287	1042.909540	
8.930000	6.160091	9.530247	-1.314708	72.352611	1247.918519	48960.806325	1042.909441	
8.940000	6.162303	9.533382	-1.308547	72.452181	1242.423866	49114.392342	1042.909342	
8.950000	6.164496	9.536507	-1.302375	72.551511	1236.939026	49267.821309	1042.909243	
8.960000	6.166673	9.539620	-1.296194	72.650599	1231.464322	49421.086093	1042.909144	
8.970000	6.168831	9.542723	-1.290003	72.749439	1225.999843	49574.179460	1042.909045	
8.980000	6.170972	9.545813	-1.283804	72.848029	1220.545975	49727.094069	1042.908946	
8.990000	6.173095	9.548892	-1.277597	72.946364	1215.102808	49879.822483	1042.908847	
9.000000	6.175201	9.551959	-1.271383	73.044442	1209.670560	50032.357165	1042.908748	
9.010000	6.177290	9.555013	-1.265161	73.142258	1204.249641	50184.690489	1042.908649	
9.020000	6.179361	9.558055	-1.258932	73.239808	1198.839952	50336.814738	1042.908550	
9.030000	6.181415	9.561085	-1.252698	73.337089	1193.442041	50488.722109	1042.908451	
9.040000	6.183452	9.564102	-1.246457	73.434098	1188.056046	50640.404725	1042.908352	
9.050000	6.185471	9.567107	-1.240210	73.530830	1182.681980	50791.854631	1042.908253	
9.060000	6.187473	9.570099	-1.233958	73.627283	1177.320551	50943.063805	1042.908154	
9.070000	6.189458	9.573078	-1.227702	73.723452	1171.971318	51094.024164	1042.908056	
9.080000	6.191425	9.576045	-1.221440	73.819333	1166.635252	51244.727564	1042.907958	
9.090000	6.193374	9.578999	-1.215174	73.914924	1161.312015	51395.165815	1042.907861	
9.100000	6.195307	9.581940	-1.208903	74.010220	1156.002119	51545.330677	1042.907763	
9.110000	6.197222	9.584869	-1.202629	74.105218	1150.705780	51695.213871	1042.907666	
9.120000	6.199119	9.587786	-1.196351	74.199915	1145.422915	51844.807086	1042.907570	
9.130000	6.200999	9.590690	-1.190069	74.294307	1140.154062	51994.108435	1042.907473	
9.140000	6.202861	9.593582	-1.183785	74.388390	1134.899518	52143.108333	1042.907377	
9.150000	6.204705	9.596462	-1.177497	74.482161	1129.659310	52291.792405	1042.907281	
9.160000	6.206532	9.599330	-1.171206	74.575616	1124.433752	52440.152322	1042.907186	
9.170000	6.208341	9.602186	-1.164912	74.668752	1119.223027	52588.179745	1042.907091	
9.180000	6.210132	9.605032	-1.158616	74.761565	1114.027340	52735.866333	1042.906996	
9.190000	6.211905	9.607866	-1.152318	74.854053	1108.846873	52883.203739	1042.906901	
9.200000	6.213661	9.610689	-1.146017	74.946210	1103.682208	53030.183619	1042.906807	
9.210000	6.215398	9.613501	-1.139714	75.038035	1098.532820	53176.797638	1042.906713	
9.220000	6.217118	9.616303	-1.133410	75.129524	1093.399599	53323.037462	1042.906619	
9.230000	6.218820	9.619096	-1.127104	75.220673	1088.282576	53468.894774	1042.906526	
9.240000	6.220503	9.621878	-1.120797	75.311479	1083.181988	53614.361269	1042.906433	
9.250000	6.222169	9.624651	-1.114488	75.401939	1078.098022	53759.428660	1042.906340	
9.260000	6.223816	9.627415	-1.108178	75.492049	1073.030837	53904.088676	1042.906247	
9.270000	6.225446	9.630171	-1.101867	75.581806	1067.980633	54048.333070	1042.906155	
9.280000	6.227057	9.632918	-1.095555	75.671207	1062.947826	54192.153614	1042.906063	
9.290000	6.228650	9.635657	-1.089243	75.760248	1057.932449	54335.542110	1042.905971	
9.300000	6.230226	9.638389	-1.082930	75.848926	1052.934816	54478.490382	1042.905880	
9.310000	6.231783	9.641114	-1.076617	75.937239	1047.954939	54620.990285	1042.905789	
9.320000	6.233321	9.643832	-1.070303	76.025182	1042.993392	54763.033698	1042.905698	
9.330000	6.234842	9.646544	-1.063989	76.112753	1038.050042	54904.612538	1042.905608	
9.340000	6.236345	9.649250	-1.057675	76.199948	1033.125225	55045.718747	1042.905517	
9.350000	6.237829	9.651951	-1.051362	76.286765	1028.219381	55186.344302	1042.905427	
9.360000	6.239295	9.654646	-1.045048	76.373200	1023.332284	55326.481213	1042.905338	
9.370000	6.240743	9.657338	-1.038735	76.459250	1018.464522	55466.121522	1042.905248	
9.380000	6.242172	9.660025	-1.032423	76.544913	1013.616021	55605.257310	1042.905159	
9.390000	6.243584	9.662708	-1.026111	76.630184	1008.787149	55743.880689	1042.905071	
9.400000	6.244977	9.665389	-1.019800	76.715062	1003.978090	55881.983808	1042.904982	
9.410000	6.246352	9.668066	-1.013490	76.799542	999.188942	56019.558854	1042.904894	
9.420000	6.247709	9.670742	-1.007181	76.883623	994.420087	56156.598048	1042.904806	
9.430000	6.249048	9.673416	-1.000874	76.967300	989.671710	56293.093651	1042.904718	
9.440000	6.250369	9.676088	-0.994568	77.050572	984.943728	56429.037962	1042.904631	
9.450000	6.251671	9.678759	-0.988263	77.133436	980.236685	56564.423316	1042.904544	
9.460000	6.252955	9.681430	-0.981960	77.215888	975.550784	56699.242088	1042.904457	
9.470000	6.254221	9.684101	-0.975658	77.297925	970.885739	56833.486695	1042.904370	
9.480000	6.255469	9.686773	-0.969359	77.379545	966.242306	56967.149589	1042.904284	
9.490000	6.256699	9.689445	-0.963061	77.460746	961.620421	57100.223267	1042.904198	
9.500000	6.257911	9.692118	-0.956766	77.541523	957.020235	57232.700264	1042.904112	
9.510000	6.259104	9.694793	-0.950473	77.621876	952.442108	57364.573158	1042.904026	
9.520000	6.260280	9.697471	-0.944183	77.701800	947.886204	57495.834570	1042.903941	
9.530000	6.261437	9.700150	-0.937895	77.781293	943.352554	57626.477164	1042.903856	
9.540000	6.262577	9.702833	-0.931609	77.860353	938.841318	57756.493647	1042.903771	
9.550000	6.263698	9.705518	-0.925327	77.938977	934.352984	57885.876769	1042.903687	
9.560000	6.264801	9.708208	-0.919047	78.017162	929.887431	58014.619330	1042.903602	
9.570000	6.265886	9.710901	-0.912771	78.094906	925.444928	58142.714171	1042.903518	
9.580000	6.266954	9.713598	-0.906498	78.172206	921.025870	58270.154184	1042.903435	
9.590000	6.268003	9.716300	-0.900228	78.249060	916.630093	58396.932309	1042.903351	
9.600000	6.269034	9.719007	-0.893961	78.325465	912.257977	58523.041532	1042.903268	
9.610000	6.270048	9.721719	-0.887699	78.401419	907.909656	58648.474892	1042.903185	
9.620000	6.271043	9.724437	-0.881440	78.476920	903.585095	58773.225479	1042.903102	
9.630000	6.272021	9.727160	-0.875185	78.551965	899.284864	58897.286433	1042.903020	
9.640000	6.272980	9.729890	-0.868934	78.626552	895.009063	59020.650951	1042.902937	
9.650000	6.273922	9.732625	-0.862687	78.700678	890.757439	59143.312282	1042.902855	
9.660000	6.274846	9.735367	-0.856445	78.774341	886.530719	59265.263731	1042.902774	
9.670000	6.275752	9.738116	-0.850207	78.847540	882.328532	59386.498661	1042.902692	
9.680000	6.276640	9.740872	-0.843974	78.920271	878.151440	59507.010491	1042.902611	
9.690000	6.277510	9.743634	-0.837745	78.992533	873.999472	59626.792703	1042.902530	
9.700000	6.278363	9.746404	-0.831522	79.064323	869.872780	59745.838835	1042.902449	
9.710000	6.279198	9.749181	-0.825303	79.135640	865.771515	59864.142491	1042.902368	
9.720000	6.280015	9.751965	-0.819090	79.206481	861.695812	59981.697335	1042.902288	
9.730000	6.280814	9.754757	-0.812882	79.276845	857.645793	60098.497097	1042.902208	
9.740000	6.281596	9.757556	-0.806679	79.346728	853.621756	60214.535570	1042.902128	
9.750000	6.282359	9.760363	-0.800482	79.416131	849.623845	60329.806618	1042.902049	
9.760000	6.283105	9.763178	-0.794291	79.485049	845.651865	60444.304170	1042.901969	
9.770000	6.283834	9.766001	-0.788106	79.553483	841.706424	60558.022224	1042.901890	
9.780000	6.284545	9.768831	-0.781927	79.621429	837.787253	60670.954849	1042.901811	
9.790000	6.285238	9.771669	-0.775755	79.688886	833.894776	60783.096186	1042.901732	
9.800000	6.285913	9.774515	-0.769588	79.755852	830.028974	60894.440447	1042.901654	
9.810000	6.286571	9.777368	-0.763429	79.822325	826.190184	61004.981921	1042.901575	
9.820000	6.287211	9.780229	-0.757276	79.888304	822.378287	61114.714969	1042.901497	
9.830000	6.287834	9.783097	-0.751129	79.953788	818.593583	61223.634030	1042.901420	
9.840000	6.288439	9.785973	-0.744990	80.018774	814.836055	61331.733620	1042.901342	
9.850000	6.289027	9.788856	-0.738858	80.083261	811.106038	61439.008331	1042.901264	
9.860000	6.289597	9.791746	-0.732734	80.147247	807.403634	61545.452839	1042.901187	
9.870000	6.290150	9.794643	-0.726617	80.210731	803.728599	61651.061897	1042.901110	
9.880000	6.290685	9.797548	-0.720508	80.273711	800.081341	61755.830340	1042.901033	
9.890000	6.291202	9.800458	-0.714406	80.336187	796.462066	61859.753084	1042.900957	
9.900000	6.291703	9.803375	-0.708313	80.398156	792.870601	61962.825132	1042.900880	
9.910000	6.292185	9.806299	-0.702227	80.459618	789.307444	62065.041568	1042.900804	
9.920000	6.292651	9.809228	-0.696150	80.520570	785.772346	62166.397565	1042.900728	
9.930000	6.293099	9.812164	-0.690082	80.581013	782.265622	62266.888377	1042.900653	
9.940000	6.293529	9.815104	-0.684022	80.640944	778.787228	62366.509350	1042.900577	
9.950000	6.293943	9.818050	-0.677972	80.700362	775.337237	62465.255915	1042.900502	
9.960000	6.294339	9.821001	-0.671930	80.759266	771.916150	62563.123592	1042.900426	
9.970000	6.294717	9.823957	-0.665897	80.817656	768.523342	62660.107994	1042.900351	
9.980000	6.295079	9.826917	-0.659874	80.875530	765.159808	62756.204817	1042.900277	
9.990000	6.295423	9.829882	-0.653860	80.932887	761.824846	62851.409857	1042.900202	
10.000000	6.295750	9.832850	-0.647856	80.989727	758.518967	62945.718996	1042.900128	
